0	0.0166667
1	0.0091559
2	0.0159681
3	0.0163553
4	0.01646
5	0.014962
6	0.0163258
7	0.0161492
8	0.016628
9	0.0157118
10	0.0162246
11	0.0151833
12	0.016672
13	0.0153248
14	0.0166682
15	0.0155728
16	0.0156776
17	0.0163776
18	0.0157061
19	0.0158685
20	0.0161559
21	0.0160359
22	0.0320037
23	0.0165465
24	0.0153393
25	0.0158267
26	0.0164928
27	0.0164943
28	0.0160312
29	0.0151129
30	0.0159259
31	0.0170646
32	0.0152324
33	0.016467
34	0.0162396
35	0.0150285
36	0.0159966
37	0.0161346
38	0.0165815
39	0.0156318
40	0.016155
41	0.0160301
42	0.0158471
43	0.0157447
44	0.0161038
45	0.015668
46	0.0160764
47	0.0159401
48	0.0320094
49	0.0163465
50	0.0160462
51	0.016568
52	0.0156943
53	0.0157729
54	0.0320312
55	0.0318487
56	0.0328598
57	0.0310115
58	0.0328948
59	0.0320369
60	0.0149845
61	0.016242
62	0.0157172
63	0.0160107
64	0.0159587
65	0.0159629
66	0.0160665
67	0.0320089
68	0.0320834
69	0.0321349
70	0.032472
71	0.0317015
72	0.0326403
73	0.0310525
74	0.0320991
75	0.0159948
76	0.0160624
77	0.0159434
78	0.0160583
79	0.0159806
80	0.0157863
81	0.0159014
82	0.0331318
83	0.0308902
84	0.0322134
85	0.0323223
86	0.0319951
87	0.0158843
88	0.0158226
89	0.0166269
90	0.0161273
91	0.0155211
92	0.0161112
93	0.0162269
94	0.0157617
95	0.0157335
96	0.0160117
97	0.0159964
98	0.0157522
99	0.0161749
100	0.0158802
101	0.0329308
102	0.0152161
103	0.0156577
104	0.0170075
105	0.0150245
106	0.016318
107	0.016438
108	0.0161617
109	0.0161781
110	0.0158469
111	0.0159382
112	0.0151551
113	0.0170564
114	0.0151003
115	0.0165363
116	0.0154324
117	0.0164979
118	0.0155719
119	0.0159139
120	0.0163876
121	0.0158124
122	0.0157757
123	0.0159378
124	0.0160199
125	0.0330166
126	0.0156141
127	0.0161641
128	0.0160882
129	0.0149806
130	0.0163212
131	0.0159311
132	0.0161845
133	0.0165591
134	0.0156089
135	0.0155755
136	0.0166667
137	0.0160635
138	0.0159213
139	0.0167694
140	0.0153076
141	0.0168755
142	0.0157175
143	0.0159161
144	0.01649
145	0.0153654
146	0.0166375
147	0.0154071
148	0.0154772
149	0.0163333
150	0.0162879
151	0.0155765
152	0.0168307
153	0.0158337
154	0.0160933
155	0.0152763
156	0.0167728
157	0.0160668
158	0.0159507
159	0.0155976
160	0.0163651
161	0.0160736
162	0.0159578
163	0.0159951
164	0.0150576
165	0.0159821
166	0.0159623
167	0.0162249
168	0.0168943
169	0.0159932
170	0.0154081
171	0.0157753
172	0.0160217
173	0.0161414
174	0.015619
175	0.0160269
176	0.0161669
177	0.0167344
178	0.0159976
179	0.0158791
180	0.0159043
181	0.015924
182	0.0312594
183	0.0329706
184	0.0313067
185	0.0163654
186	0.0161169
187	0.0315306
188	0.0327777
189	0.0155179
190	0.0161395
191	0.0163695
192	0.0151016
193	0.015964
194	0.015867
195	0.0321663
196	0.0158739
197	0.0329164
198	0.01502
199	0.0329702
200	0.0150705
201	0.0166189
202	0.015442
203	0.0319422
204	0.0160839
205	0.0159502
206	0.016923
207	0.0150261
208	0.016265
209	0.0158135
210	0.0167619
211	0.0163055
212	0.015955
213	0.0151926
214	0.0161765
215	0.0166572
216	0.0159557
217	0.0150666
218	0.0169484
219	0.0149149
220	0.0169987
221	0.015012
222	0.0169926
223	0.0160389
224	0.0151187
225	0.0158136
226	0.0164245
227	0.0156312
228	0.0168694
229	0.0158025
230	0.0162421
231	0.0150541
232	0.0163687
233	0.0160805
234	0.0165188
235	0.0166667
236	0.0162922
237	0.0157204
238	0.0162319
239	0.0160339
240	0.0156999
241	0.0162823
242	0.0150655
243	0.0167837
244	0.0161284
245	0.0160036
246	0.0160013
247	0.0159119
248	0.015325
249	0.0327732
250	0.0160098
251	0.0160072
252	0.0150768
253	0.0319664
254	0.0326313
255	0.0313346
256	0.0329752
257	0.0479407
258	0.0152892
259	0.0157851
260	0.0321306
261	0.0169575
262	0.0159976
263	0.0160775
264	0.0159859
265	0.015694
266	0.015208
267	0.0169273
268	0.016155
269	0.015999
270	0.0160197
271	0.0160101
272	0.0154237
273	0.0163864
274	0.0160758
275	0.0159858
276	0.0160359
277	0.0152081
278	0.0167878
279	0.0160712
280	0.0159028
281	0.0151201
282	0.0169914
283	0.0155777
284	0.0157037
285	0.015946
286	0.0166796
287	0.0160882
288	0.0159024
289	0.0160724
290	0.0158631
291	0.0160088
292	0.016189
293	0.015395
294	0.016565
295	0.0151348
296	0.0168629
297	0.0150621
298	0.0159965
299	0.0160905
300	0.0160776
301	0.0162971
302	0.0165994
303	0.015912
304	0.0148517
305	0.0170691
306	0.0156508
307	0.0156069
308	0.0167021
309	0.0151665
310	0.0169344
311	0.0158933
312	0.0157183
313	0.0162832
314	0.0159275
315	0.0160579
316	0.0160529
317	0.0153293
318	0.0163234
319	0.0157731
320	0.0165335
321	0.0160875
322	0.0158316
323	0.0152673
324	0.0161666
325	0.0165914
326	0.0150441
327	0.0170112
328	0.0158775
329	0.0155564
330	0.0157062
331	0.0168611
332	0.0155802
333	0.0161041
334	0.0153021
335	0.0159859
336	0.0162854
337	0.0159252
338	0.0157857
339	0.0170353
340	0.0152573
341	0.016109
342	0.0157633
343	0.0167638
344	0.016223
345	0.015883
346	0.0159713
347	0.0160229
348	0.0152851
349	0.016732
350	0.0150835
351	0.0168199
352	0.0160335
353	0.0158324
354	0.0162938
355	0.0154082
356	0.0155541
357	0.0169579
358	0.0161051
359	0.0154266
360	0.0166096
361	0.015243
362	0.0156006
363	0.0166094
364	0.0162445
365	0.0155671
366	0.016251
367	0.0158896
368	0.0165292
369	0.0160443
370	0.0159754
371	0.0149411
372	0.0166915
373	0.0155061
374	0.0168737
375	0.0160804
376	0.0159062
377	0.0148872
378	0.0171203
379	0.015095
380	0.0168856
381	0.0160075
382	0.0159837
383	0.0148908
384	0.0170501
385	0.0151249
386	0.0169659
387	0.0148656
388	0.0162217
389	0.0168118
390	0.0160084
391	0.0160704
392	0.0153042
393	0.0165976
394	0.0160629
395	0.0159118
396	0.0160224
397	0.0161511
398	0.0149926
399	0.0330058
400	0.0157037
401	0.0155219
402	0.0160812
403	0.0644892
404	0.0151238
405	0.0164809
406	0.0165666
407	0.0149269
408	0.017004
409	0.015315
410	0.0163832
411	0.0160168
412	0.0162704
413	0.0157864
414	0.0156644
415	0.0164141
416	0.0162709
417	0.015658
418	0.0158056
419	0.0155048
420	0.015913
421	0.0319654
422	0.0161211
423	0.0158366
424	0.0167279
425	0.0153059
426	0.0168129
427	0.0161494
428	0.0151333
429	0.0162427
430	0.0156677
431	0.0169905
432	0.0158108
433	0.0151891
434	0.015992
435	0.0165151
436	0.0155093
437	0.0168002
438	0.016324
439	0.0152839
440	0.0166578
441	0.0159305
442	0.0151934
443	0.0159734
444	0.0165516
445	0.0154052
446	0.0168614
447	0.0159367
448	0.0152477
449	0.0169163
450	0.0149171
451	0.0170954
452	0.0158403
453	0.0160462
454	0.0158045
455	0.0162381
456	0.0159737
457	0.0155796
458	0.0161951
459	0.0161412
460	0.015396
461	0.0165068
462	0.0160157
463	0.0151783
464	0.0171254
465	0.015237
466	0.0165755
467	0.0161582
468	0.0150624
469	0.0158283
470	0.016828
471	0.016054
472	0.0152849
473	0.0168999
474	0.0160008
475	0.0150504
476	0.0168116
477	0.0154929
478	0.0165068
479	0.0160128
480	0.0152027
481	0.0157766
482	0.0165656
483	0.0155353
484	0.0168018
485	0.0161153
486	0.0151394
487	0.0159189
488	0.0159268
489	0.0166275
490	0.0315192
491	0.0160688
492	0.0166413
493	0.0151734
494	0.0160911
495	0.0164277
496	0.0154904
497	0.0165379
498	0.0165528
499	0.0160961
500	0.0159839
501	0.015891
502	0.0151829
503	0.0161397
504	0.0159096
505	0.01666
506	0.0161331
507	0.015077
508	0.0169006
509	0.0151586
510	0.0157869
511	0.0164058
512	0.0166165
513	0.016138
514	0.0159636
515	0.0155533
516	0.0164565
517	0.0152213
518	0.0161313
519	0.0166718
520	0.0159076
521	0.0161197
522	0.0159777
523	0.0159911
524	0.0149333
525	0.017002
526	0.0156546
527	0.0161768
528	0.0159958
529	0.0161459
530	0.0161136
531	0.0149464
532	0.0167222
533	0.0161999
534	0.0160448
535	0.0150206
536	0.0170653
537	0.0158269
538	0.0160008
539	0.0161492
540	0.0157736
541	0.0162302
542	0.0149984
543	0.0161703
544	0.0156204
545	0.0160159
546	0.0490496
547	0.0633735
548	0.0165397
549	0.0162334
550	0.0158285
551	0.016142
552	0.0160203
553	0.0158084
554	0.0159043
555	0.0151895
556	0.0167741
557	0.0161214
558	0.0154943
559	0.0167063
560	0.0157617
561	0.016205
562	0.0152003
563	0.0168084
564	0.0155154
565	0.0164006
566	0.0159969
567	0.0160743
568	0.0159155
569	0.0157646
570	0.0162403
571	0.0161315
572	0.0158539
573	0.0160929
574	0.0149411
575	0.0170522
576	0.0159785
577	0.0160579
578	0.0159506
579	0.016006
580	0.0154824
581	0.0158416
582	0.0320726
583	0.0165048
584	0.0150573
585	0.0170263
586	0.0152541
587	0.0165142
588	0.0161709
589	0.0157627
590	0.0162853
591	0.0160744
592	0.0160499
593	0.015916
594	0.0160138
595	0.0151017
596	0.0168873
597	0.0160157
598	0.0160325
599	0.015046
600	0.0157642
601	0.0171845
602	0.0157239
603	0.0152527
604	0.0318457
605	0.0489364
606	0.0151509
607	0.0162132
608	0.016053
609	0.0162778
610	0.0165479
611	0.0159573
612	0.0160624
613	0.015552
614	0.0163679
615	0.0160523
616	0.015859
617	0.0151416
618	0.0169964
619	0.016014
620	0.0159931
621	0.0150422
622	0.0169389
623	0.0160404
624	0.015983
625	0.0150174
626	0.0159549
627	0.0168778
628	0.015808
629	0.0151897
630	0.0170165
631	0.0161055
632	0.0151781
633	0.0160089
634	0.0158367
635	0.0158425
636	0.0171469
637	0.0159715
638	0.0159507
639	0.0160944
640	0.0157436
641	0.0162152
642	0.0155932
643	0.0163962
644	0.0157142
645	0.0163992
646	0.0159522
647	0.015943
648	0.0160241
649	0.0158616
650	0.0157416
651	0.016333
652	0.0161449
653	0.0152846
654	0.015608
655	0.017023
656	0.0159277
657	0.0160343
658	0.0151099
659	0.0168193
660	0.015398
661	0.0166457
662	0.0159696
663	0.0160471
664	0.0160955
665	0.0158922
666	0.0152123
667	0.0168721
668	0.0159475
669	0.0155652
670	0.0158908
671	0.0166039
672	0.0150742
673	0.0159783
674	0.01673
675	0.0158891
676	0.0162777
677	0.0160117
678	0.0159068
679	0.0154084
680	0.0166962
681	0.0159013
682	0.0161415
683	0.015039
684	0.0168918
685	0.0160019
686	0.0159913
687	0.0153477
688	0.0166616
689	0.0160144
690	0.014854
691	0.0167956
692	0.0162044
693	0.0152794
694	0.0163838
695	0.015635
696	0.0168147
697	0.015987
698	0.016035
699	0.0159622
700	0.0160026
701	0.0150058
702	0.0170284
703	0.0152619
704	0.016798
705	0.0148505
706	0.0167955
707	0.0162515
708	0.015248
709	0.016803
710	0.0153922
711	0.0166547
712	0.0160067
713	0.0159901
714	0.0158436
715	0.0161458
716	0.0155183
717	0.0162324
718	0.0161221
719	0.0160829
720	0.0160192
721	0.0153061
722	0.0157773
723	0.0168341
724	0.0155873
725	0.0157628
726	0.0159113
727	0.0168157
728	0.0148622
729	0.0168959
730	0.0321335
731	0.0159044
732	0.0153328
733	0.0161679
734	0.0162791
735	0.0158959
736	0.0158674
737	0.0165492
738	0.016088
739	0.0159113
740	0.0159806
741	0.0157558
742	0.0160518
743	0.0162963
744	0.0149508
745	0.0165405
746	0.0154662
747	0.016072
748	0.015995
749	0.0163195
750	0.01667
751	0.0153497
752	0.0157949
753	0.0163932
754	0.0160538
755	0.0156872
756	0.0162714
757	0.0156068
758	0.0161417
759	0.0166565
760	0.0159841
761	0.0160627
762	0.0159266
763	0.015488
764	0.0156766
765	0.0158019
766	0.0161043
767	0.0164966
768	0.0155727
769	0.0168563
770	0.0156236
771	0.0154922
772	0.0160654
773	0.0167644
774	0.0157931
775	0.0163763
776	0.0160152
777	0.0151604
778	0.0167102
779	0.0159486
780	0.0160866
781	0.0159794
782	0.0159421
783	0.0154813
784	0.0156065
785	0.0164784
786	0.0165699
787	0.0155119
788	0.01606
789	0.0163293
790	0.01606
791	0.0154142
792	0.0166788
793	0.0151466
794	0.0168401
795	0.0155435
796	0.015711
797	0.0167218
798	0.0159489
799	0.0150667
800	0.0169491
801	0.0150011
802	0.017
803	0.0151785
804	0.0163315
805	0.0165072
806	0.0160015
807	0.0151334
808	0.0161815
809	0.0158906
810	0.0160471
811	0.0167546
812	0.0159452
813	0.0160293
814	0.014863
815	0.016978
816	0.016138
817	0.0149644
818	0.0170685
819	0.0149794
820	0.0165386
821	0.0165028
822	0.0157962
823	0.0154152
824	0.0157419
825	0.0167701
826	0.0158719
827	0.0162413
828	0.0158461
829	0.0161907
830	0.0155081
831	0.0164552
832	0.0159232
833	0.015611
834	0.0166202
835	0.015976
836	0.015387
837	0.0166285
838	0.0160167
839	0.015716
840	0.0153022
841	0.016911
842	0.0150509
843	0.0162586
844	0.0156311
845	0.0167119
846	0.0163584
847	0.0159206
848	0.0160317
849	0.0157315
850	0.0152939
851	0.0170569
852	0.0159453
853	0.0152956
854	0.0167481
855	0.0158856
856	0.0160511
857	0.0151366
858	0.0163305
859	0.0164385
860	0.0152685
861	0.0158054
862	0.0170031
863	0.0156357
864	0.0164537
865	0.0158168
866	0.0160788
867	0.0152559
868	0.0165846
869	0.0162715
870	0.015542
871	0.0160122
872	0.0164042
873	0.0160803
874	0.0158656
875	0.0160874
876	0.015314
877	0.0166462
878	0.0160621
879	0.0159705
880	0.0159413
881	0.0160425
882	0.0160046
883	0.0154663
884	0.0165358
885	0.0151376
886	0.0169183
887	0.0152731
888	0.0166882
889	0.0149108
890	0.016963
891	0.0161038
892	0.0151895
893	0.0168203
894	0.0160475
895	0.0155845
896	0.0163521
897	0.0160037
898	0.0158857
899	0.0161349
900	0.0151387
901	0.0169059
902	0.0152668
903	0.0167324
904	0.0148447
905	0.0170926
906	0.0160359
907	0.0151275
908	0.0161758
909	0.0167256
910	0.0159652
911	0.0148963
912	0.0170884
913	0.0149944
914	0.0169868
915	0.0160569
916	0.0151225
917	0.0161057
918	0.015823
919	0.0166799
920	0.0158807
921	0.0163717
922	0.0150728
923	0.0168077
924	0.0157152
925	0.0154357
926	0.0169446
927	0.0154066
928	0.0156341
929	0.0169754
930	0.0160171
931	0.0159985
932	0.0151777
933	0.0162505
934	0.0165996
935	0.0159128
936	0.0160734
937	0.0153134
938	0.0158084
939	0.0162156
940	0.0158131
941	0.0165734
942	0.016283
943	0.0157426
944	0.0162378
945	0.0155824
946	0.0153698
947	0.0170304
948	0.0159889
949	0.0148908
950	0.0170625
951	0.0160561
952	0.0160066
953	0.0149246
954	0.017053
955	0.0148996
956	0.0321553
957	0.0489389
958	0.0151137
959	0.0169272
960	0.0153018
961	0.0162575
962	0.0162881
963	0.0151032
964	0.0160275
965	0.0171024
966	0.0150472
967	0.016453
968	0.0163052
969	0.0151119
970	0.0169979
971	0.0154919
972	0.0156015
973	0.0169005
974	0.0159501
975	0.015084
976	0.0169765
977	0.0157868
978	0.0162408
979	0.0151637
980	0.0161983
981	0.0166381
982	0.0148428
983	0.0163463
984	0.0166609
985	0.0152271
986	0.0158046
987	0.0170508
988	0.0160147
989	0.0148827
990	0.0170286
991	0.0161441
992	0.0155721
993	0.0153673
994	0.0170582
995	0.0159878
996	0.0159604
997	0.0153244
998	0.0159972
999	0.0157239
