0	0.0166667
1	0.0217114
2	0.01678
3	0.016226
4	0.0150572
5	0.0164292
6	0.0164748
7	0.0159356
8	0.0161095
9	0.0158409
10	0.0157587
11	0.0163304
12	0.0153508
13	0.0156527
14	0.0170944
15	0.0160638
16	0.0150386
17	0.0159384
18	0.0168436
19	0.0156654
20	0.015407
21	0.016369
22	0.0158398
23	0.0159352
24	0.0163578
25	0.0155821
26	0.0162158
27	0.0159944
28	0.0157678
29	0.0160506
30	0.0325706
31	0.0163616
32	0.0151163
33	0.0168248
34	0.015792
35	0.015213
36	0.0171193
37	0.0156183
38	0.0157079
39	0.0163385
40	0.0162686
41	0.0149243
42	0.0162556
43	0.0157156
44	0.0166815
45	0.0155913
46	0.0161534
47	0.0157947
48	0.0160964
49	0.0159616
50	0.0157344
51	0.0329161
52	0.0151835
53	0.0164367
54	0.0161858
55	0.0160565
56	0.0160283
57	0.0158408
58	0.0164505
59	0.0157618
60	0.0162609
61	0.0150176
62	0.0170025
63	0.0150025
64	0.0164654
65	0.0154681
66	0.0163612
67	0.0159816
68	0.0161864
69	0.0159392
70	0.0156852
71	0.0159809
72	0.0163328
73	0.0321695
74	0.0161293
75	0.0162199
76	0.0150364
77	0.0160109
78	0.016662
79	0.0156432
80	0.0158426
81	0.0158352
82	0.0161092
83	0.0329295
84	0.0154184
85	0.0166136
86	0.0159585
87	0.0158696
88	0.0151963
89	0.0159818
90	0.0159974
91	0.0164609
92	0.0158031
93	0.0157176
94	0.0161679
95	0.0160547
96	0.0327618
97	0.0149677
98	0.016833
99	0.0151852
100	0.0163884
101	0.0163814
102	0.0151584
103	0.0159794
104	0.0170912
105	0.0160289
106	0.0151177
107	0.0165401
108	0.0161554
109	0.0160994
110	0.0160259
111	0.0159123
112	0.0157978
113	0.015947
114	0.0158022
115	0.0159591
116	0.0157709
117	0.015884
118	0.0161935
119	0.015671
120	0.0323839
121	0.0166202
122	0.015916
123	0.0151225
124	0.016451
125	0.0164852
126	0.0160188
127	0.0159977
128	0.0158816
129	0.0153418
130	0.0169032
131	0.0159928
132	0.0158669
133	0.0160669
134	0.0159746
135	0.0157814
136	0.0160657
137	0.0153168
138	0.0165896
139	0.0157108
140	0.0159728
141	0.0155425
142	0.0484813
143	0.0156817
144	0.0159136
145	0.0169678
146	0.0154611
147	0.0157381
148	0.0164702
149	0.0155379
150	0.0160134
151	0.0168863
152	0.0159081
153	0.0160811
154	0.0151581
155	0.0168574
156	0.0149333
157	0.0166396
158	0.0161585
159	0.0159924
160	0.0160169
161	0.0156044
162	0.0157117
163	0.0162991
164	0.0156467
165	0.0160873
166	0.0159169
167	0.0160542
168	0.0329547
169	0.0159082
170	0.0152653
171	0.0157548
172	0.0163865
173	0.0155867
174	0.0170892
175	0.015928
176	0.016007
177	0.0478001
178	0.016171
179	0.0150062
180	0.0170526
181	0.0158269
182	0.0157523
183	0.0160418
184	0.0157661
185	0.0159768
186	0.0154822
187	0.0162935
188	0.0157398
189	0.0323731
190	0.0159895
191	0.0165734
192	0.0162064
193	0.0149717
194	0.0163175
195	0.0165828
196	0.0160232
197	0.0158238
198	0.0161978
199	0.0160294
200	0.0158873
201	0.0155619
202	0.0166227
203	0.0149606
204	0.0168073
205	0.0156347
206	0.0161595
207	0.0158963
208	0.0154041
209	0.0164602
210	0.0156929
211	0.0161295
212	0.0160234
213	0.0158459
214	0.0322033
215	0.0166257
216	0.0150101
217	0.0159934
218	0.0166962
219	0.016226
220	0.0150926
221	0.0170138
222	0.0160617
223	0.0160182
224	0.0158845
225	0.0160931
226	0.0159736
227	0.0158501
228	0.0159426
229	0.0158207
230	0.0316409
231	0.0160904
232	0.0158869
233	0.0160977
234	0.0158601
235	0.0328089
236	0.0149557
237	0.0160909
238	0.0168728
239	0.0152362
240	0.0164544
241	0.0156
242	0.0159636
243	0.0168596
244	0.0160383
245	0.0149188
246	0.0169055
247	0.0160844
248	0.0156967
249	0.0153253
250	0.0169537
251	0.0157846
252	0.0158717
253	0.0160442
254	0.0160188
255	0.0157733
256	0.015489
257	0.0161932
258	0.015962
259	0.0161299
260	0.0327759
261	0.0160063
262	0.015983
263	0.015648
264	0.015341
265	0.0160725
266	0.0168969
267	0.0153986
268	0.0166747
269	0.0155119
270	0.0165179
271	0.016013
272	0.0160018
273	0.0149913
274	0.0167915
275	0.0151375
276	0.0168386
277	0.0158107
278	0.015652
279	0.0159527
280	0.0161125
281	0.0158468
282	0.0161292
283	0.0326982
284	0.0160471
285	0.0153102
286	0.0165247
287	0.015026
288	0.017075
289	0.0156565
290	0.0157783
291	0.0166477
292	0.014836
293	0.0170769
294	0.0160468
295	0.0159739
296	0.0160069
297	0.0158755
298	0.0156789
299	0.0156766
300	0.0163889
301	0.0160521
302	0.015632
303	0.0161122
304	0.0155808
305	0.0162427
306	0.015808
307	0.0161546
308	0.0157471
309	0.0160734
310	0.0329049
311	0.01527
312	0.0163314
313	0.0164116
314	0.0154995
315	0.0165468
316	0.0160736
317	0.015967
318	0.0157838
319	0.0161977
320	0.0149176
321	0.0162152
322	0.0163583
323	0.0156554
324	0.0159142
325	0.0158581
326	0.0164723
327	0.0158651
328	0.0156192
329	0.0162432
330	0.0159188
331	0.0159992
332	0.0158569
333	0.0331524
334	0.0158208
335	0.0159955
336	0.0154038
337	0.0164946
338	0.0161621
339	0.0157618
340	0.015302
341	0.0169938
342	0.0151485
343	0.0160273
344	0.0161078
345	0.0163202
346	0.0164354
347	0.0156341
348	0.0153546
349	0.0161805
350	0.0163214
351	0.0160152
352	0.0155349
353	0.0160988
354	0.0160424
355	0.0157023
356	0.0326312
357	0.0157572
358	0.0165202
359	0.0151196
360	0.016229
361	0.0165786
362	0.0156023
363	0.0155824
364	0.0170163
365	0.0149632
366	0.0171911
367	0.0159196
368	0.0154133
369	0.0166225
370	0.0156451
371	0.01602
372	0.0153228
373	0.0164936
374	0.0160235
375	0.0158734
376	0.0156147
377	0.0162936
378	0.0155204
379	0.0161086
380	0.0160536
381	0.0330026
382	0.015912
383	0.0151881
384	0.0159245
385	0.0168924
386	0.0159605
387	0.0150299
388	0.0170698
389	0.0159624
390	0.0159413
391	0.0160451
392	0.0154926
393	0.0164118
394	0.0153865
395	0.0165439
396	0.0151588
397	0.0166222
398	0.0159449
399	0.015822
400	0.0157431
401	0.0161557
402	0.0157555
403	0.0159414
404	0.016099
405	0.0320059
406	0.0168186
407	0.0150996
408	0.016326
409	0.0166488
410	0.0150943
411	0.0169433
412	0.0160916
413	0.0159081
414	0.0159641
415	0.015213
416	0.016738
417	0.0160892
418	0.0152481
419	0.0165345
420	0.0159806
421	0.0159013
422	0.0158594
423	0.0159652
424	0.0157336
425	0.0161675
426	0.0158375
427	0.0157969
428	0.015911
429	0.0321881
430	0.0168891
431	0.0156796
432	0.0161713
433	0.0151066
434	0.0163837
435	0.0166175
436	0.015999
437	0.0151873
438	0.016826
439	0.0149417
440	0.0170907
441	0.0155566
442	0.0162584
443	0.0152555
444	0.0166602
445	0.0158432
446	0.015885
447	0.0161202
448	0.0157078
449	0.016051
450	0.0156556
451	0.03305
452	0.0160014
453	0.0150709
454	0.0167544
455	0.0150772
456	0.0163538
457	0.0161811
458	0.016201
459	0.0164521
460	0.0159425
461	0.0157887
462	0.0161798
463	0.0156184
464	0.0163492
465	0.0155984
466	0.0161017
467	0.0159461
468	0.0159688
469	0.0156812
470	0.0162478
471	0.0155252
472	0.0161938
473	0.016011
474	0.0158092
475	0.0158669
476	0.0326588
477	0.016029
478	0.0161904
479	0.0152751
480	0.0168258
481	0.0155065
482	0.0166001
483	0.0154277
484	0.0165983
485	0.0159574
486	0.016041
487	0.0159667
488	0.0155141
489	0.0164738
490	0.0151232
491	0.0160602
492	0.0163459
493	0.0158858
494	0.0160495
495	0.0158174
496	0.0161167
497	0.015894
498	0.0326486
499	0.0151167
500	0.0159033
501	0.0159784
502	0.0160698
503	0.0159012
504	0.0166672
505	0.0161534
506	0.0161441
507	0.0161603
508	0.0160023
509	0.0160085
510	0.0159367
511	0.0160497
512	0.0154001
513	0.0161834
514	0.0160924
515	0.0159176
516	0.0157667
517	0.0160714
518	0.0159636
519	0.0155816
520	0.0162315
521	0.015759
522	0.016059
523	0.016003
524	0.0320537
525	0.0158474
526	0.0168615
527	0.0153
528	0.0168012
529	0.0159561
530	0.0161588
531	0.0150092
532	0.0169537
533	0.0159794
534	0.0160184
535	0.0160434
536	0.0154112
537	0.0165903
538	0.0155697
539	0.0161727
540	0.0157811
541	0.0159585
542	0.0158033
543	0.0161714
544	0.0156587
545	0.0159111
546	0.0158253
547	0.0161075
548	0.0324285
549	0.015708
550	0.016738
551	0.0151885
552	0.0158419
553	0.0170053
554	0.0159945
555	0.0156221
556	0.0165328
557	0.0150273
558	0.0160883
559	0.0167919
560	0.0149432
561	0.0169179
562	0.0159958
563	0.0158478
564	0.0159694
565	0.0158019
566	0.0158319
567	0.015636
568	0.0160139
569	0.0159431
570	0.0163878
571	0.0157846
572	0.032156
573	0.0157184
574	0.0170401
575	0.0154615
576	0.016468
577	0.0153065
578	0.0167176
579	0.0161128
580	0.01604
581	0.0153966
582	0.0166103
583	0.0156972
584	0.0159924
585	0.0161534
586	0.0157248
587	0.0160279
588	0.0159863
589	0.0157182
590	0.0159824
591	0.0155058
592	0.016358
593	0.0157228
594	0.0160997
595	0.0160665
596	0.0321932
597	0.0156112
598	0.0169137
599	0.0157056
600	0.0164083
601	0.0153737
602	0.0164463
603	0.016241
604	0.0160433
605	0.0158789
606	0.0159879
607	0.0161014
608	0.0154322
609	0.0165601
610	0.0156897
611	0.0152253
612	0.0166718
613	0.015865
614	0.0155289
615	0.0161466
616	0.0159431
617	0.0160337
618	0.0323755
619	0.0154664
620	0.0167678
621	0.0157377
622	0.016499
623	0.0152923
624	0.0166642
625	0.0152506
626	0.0158285
627	0.0170486
628	0.0152103
629	0.0160915
630	0.0167047
631	0.0159875
632	0.0148773
633	0.0162631
634	0.016612
635	0.0158645
636	0.0152601
637	0.0160114
638	0.0163371
639	0.0160497
640	0.0158235
641	0.0159942
642	0.0159865
643	0.032042
644	0.0158984
645	0.0163301
646	0.0156672
647	0.0160339
648	0.0165886
649	0.0163418
650	0.0160014
651	0.0158989
652	0.0150566
653	0.0162116
654	0.0168582
655	0.0159434
656	0.0159087
657	0.0158491
658	0.015857
659	0.0153875
660	0.0161132
661	0.0158564
662	0.0163595
663	0.0161184
664	0.0157061
665	0.0160059
666	0.0157096
667	0.0327437
668	0.0163797
669	0.0151588
670	0.0167478
671	0.0151984
672	0.0168253
673	0.0152192
674	0.0169297
675	0.0149356
676	0.0170472
677	0.0160024
678	0.0159148
679	0.0159558
680	0.0158996
681	0.0151008
682	0.0171258
683	0.0155791
684	0.0156945
685	0.0161636
686	0.015882
687	0.0158659
688	0.0160871
689	0.0155284
690	0.0323161
691	0.0159082
692	0.0158469
693	0.0171271
694	0.0151482
695	0.0167062
696	0.0150875
697	0.0169081
698	0.0161009
699	0.0159762
700	0.014896
701	0.0171352
702	0.0160172
703	0.0151937
704	0.0167441
705	0.0157466
706	0.0158565
707	0.0160236
708	0.0159487
709	0.0154382
710	0.0160445
711	0.016338
712	0.0158752
713	0.0157726
714	0.0330513
715	0.0150699
716	0.0163031
717	0.0157461
718	0.0167111
719	0.0159278
720	0.0160614
721	0.0159977
722	0.0161492
723	0.0159398
724	0.0160339
725	0.015489
726	0.0157341
727	0.0159291
728	0.0165712
729	0.0154238
730	0.0166704
731	0.015859
732	0.0154665
733	0.0160629
734	0.0160578
735	0.0159548
736	0.0158335
737	0.0159922
738	0.0158686
739	0.0322523
740	0.0168502
741	0.0155726
742	0.0162332
743	0.0156782
744	0.0160434
745	0.0165095
746	0.016003
747	0.0159597
748	0.0159593
749	0.016053
750	0.0160105
751	0.0159565
752	0.0159004
753	0.015041
754	0.0167742
755	0.0159675
756	0.0154728
757	0.0163904
758	0.0159761
759	0.0157085
760	0.0158626
761	0.0157885
762	0.0331325
763	0.0160145
764	0.0149387
765	0.0170534
766	0.0157985
767	0.0151884
768	0.0167018
769	0.0160198
770	0.0163343
771	0.014857
772	0.0170453
773	0.0160521
774	0.0149928
775	0.0169093
776	0.01605
777	0.015741
778	0.0158437
779	0.0161468
780	0.0157152
781	0.0160085
782	0.0155033
783	0.0161815
784	0.0160262
785	0.0328487
786	0.0151083
787	0.0169205
788	0.0152525
789	0.0159409
790	0.0166142
791	0.0161247
792	0.0152398
793	0.0168109
794	0.0155563
795	0.0164369
796	0.0160676
797	0.0159785
798	0.0151017
799	0.0159498
800	0.0166003
801	0.016098
802	0.0159291
803	0.0157834
804	0.0160107
805	0.0158379
806	0.0157586
807	0.0161574
808	0.0157729
809	0.0159893
810	0.032231
811	0.0158358
812	0.0168714
813	0.0150119
814	0.0168519
815	0.0152196
816	0.0168001
817	0.0151425
818	0.0166868
819	0.015255
820	0.0170814
821	0.0160214
822	0.0158386
823	0.0152328
824	0.0168402
825	0.0159501
826	0.0156333
827	0.0159825
828	0.0162113
829	0.0156953
830	0.0157506
831	0.0163411
832	0.0156734
833	0.0318875
834	0.0169609
835	0.0159673
836	0.0149889
837	0.0159802
838	0.016848
839	0.0151492
840	0.0162391
841	0.0167346
842	0.0161048
843	0.015975
844	0.0160399
845	0.0159104
846	0.0159861
847	0.0157586
848	0.0162194
849	0.0151537
850	0.0165222
851	0.0162887
852	0.0154927
853	0.0159852
854	0.0161392
855	0.0156999
856	0.0158846
857	0.0160483
858	0.0320137
859	0.0163757
860	0.0153788
861	0.0166389
862	0.016373
863	0.0159691
864	0.0160355
865	0.0155269
866	0.0165633
867	0.0152074
868	0.0167992
869	0.0152936
870	0.0167339
871	0.0155221
872	0.0162112
873	0.0152021
874	0.0167519
875	0.0153117
876	0.0163511
877	0.0160334
878	0.0157963
879	0.0156754
880	0.01603
881	0.0160539
882	0.0328631
883	0.0159135
884	0.0151909
885	0.0161553
886	0.0167449
887	0.0160899
888	0.0152138
889	0.0160264
890	0.0168249
891	0.0153357
892	0.0165209
893	0.0161377
894	0.0159381
895	0.0156501
896	0.0157467
897	0.0160415
898	0.0157191
899	0.0157682
900	0.0159977
901	0.0165005
902	0.0158807
903	0.0159604
904	0.0157737
905	0.0160307
906	0.0318941
907	0.0160529
908	0.0163238
909	0.0156768
910	0.0168375
911	0.0152699
912	0.0161249
913	0.0168355
914	0.0160111
915	0.0159923
916	0.0159767
917	0.016013
918	0.0149815
919	0.0170029
920	0.0156473
921	0.0160727
922	0.0157108
923	0.0160958
924	0.015891
925	0.0155902
926	0.0159437
927	0.0162076
928	0.0157511
929	0.0161167
930	0.0321475
931	0.0156871
932	0.0161212
933	0.0168526
934	0.0159721
935	0.0152578
936	0.0163569
937	0.0165872
938	0.0154671
939	0.0165295
940	0.0159205
941	0.0160882
942	0.0149863
943	0.0158829
944	0.0165968
945	0.015495
946	0.0160463
947	0.016394
948	0.0159803
949	0.0158814
950	0.0161187
951	0.0159026
952	0.0158126
953	0.015935
954	0.0160055
955	0.0320285
956	0.0158414
957	0.0160344
958	0.0166397
959	0.0163295
960	0.0155754
961	0.0154553
962	0.0170402
963	0.0160205
964	0.0159551
965	0.0160223
966	0.0160187
967	0.0157584
968	0.0154247
969	0.0165079
970	0.0157479
971	0.0161507
972	0.0156549
973	0.0156818
974	0.0164809
975	0.0154864
976	0.0162355
977	0.0158526
978	0.0319175
979	0.0168583
980	0.0152303
981	0.0163046
982	0.0165586
983	0.0155386
984	0.0165797
985	0.0160007
986	0.0160237
987	0.0153399
988	0.016719
989	0.0157024
990	0.0162027
991	0.0158249
992	0.0160114
993	0.0153243
994	0.0157764
995	0.0165461
996	0.0157238
997	0.0161621
998	0.0156509
999	0.0159596
