0	0.0166667
1	0.0203957
2	0.0165268
3	0.0164565
4	0.0152742
5	0.0157903
6	0.0160109
7	0.0169753
8	0.0161066
9	0.0159699
10	0.0154784
11	0.0154531
12	0.0169741
13	0.0151069
14	0.0159867
15	0.0162739
16	0.0164833
17	0.015171
18	0.01639
19	0.016139
20	0.0160339
21	0.0159422
22	0.0158611
23	0.0159023
24	0.0157034
25	0.0320043
26	0.0163745
27	0.015734
28	0.0162652
29	0.0163781
30	0.0155358
31	0.0160428
32	0.0166119
33	0.0158011
34	0.0164066
35	0.015021
36	0.0168398
37	0.0160782
38	0.0160094
39	0.0152308
40	0.0163002
41	0.01611
42	0.015603
43	0.0161671
44	0.0159223
45	0.0157289
46	0.016032
47	0.0327485
48	0.0152347
49	0.0157982
50	0.0160497
51	0.0162841
52	0.0166651
53	0.0151515
54	0.0159894
55	0.0161306
56	0.0165399
57	0.0153744
58	0.016101
59	0.0166521
60	0.0154099
61	0.0165275
62	0.0159871
63	0.0156175
64	0.0163234
65	0.0155817
66	0.0159845
67	0.0161406
68	0.0158572
69	0.0159345
70	0.0318455
71	0.0161502
72	0.0160025
73	0.0156929
74	0.0159766
75	0.0170608
76	0.0153492
77	0.0167112
78	0.0151432
79	0.0167742
80	0.0157835
81	0.0159676
82	0.0155812
83	0.0157526
84	0.015984
85	0.0168244
86	0.0159772
87	0.0151614
88	0.016552
89	0.0155506
90	0.0162412
91	0.0161163
92	0.0157787
93	0.0158177
94	0.0159449
95	0.032104
96	0.0161671
97	0.0157771
98	0.0160378
99	0.0480491
100	0.0160734
101	0.0159589
102	0.0159992
103	0.0329094
104	0.0159915
105	0.0160398
106	0.0157406
107	0.015811
108	0.0153804
109	0.0166119
110	0.0158257
111	0.0157112
112	0.0157598
113	0.0162485
114	0.0158896
115	0.0159965
116	0.0319576
117	0.0163146
118	0.0157184
119	0.0158806
120	0.0163922
121	0.0157238
122	0.0158994
123	0.0162333
124	0.0162873
125	0.0159959
126	0.0165012
127	0.015585
128	0.0162284
129	0.0162867
130	0.0157343
131	0.015944
132	0.0157606
133	0.0158372
134	0.0162389
135	0.0156293
136	0.0161765
137	0.015738
138	0.016064
139	0.0477974
140	0.0160676
141	0.0159866
142	0.0167833
143	0.0151116
144	0.0163664
145	0.0167152
146	0.0152167
147	0.0164303
148	0.0164026
149	0.0159679
150	0.0160467
151	0.0159343
152	0.0152846
153	0.0166358
154	0.0157497
155	0.0158782
156	0.0159384
157	0.0160494
158	0.0157568
159	0.0159945
160	0.0159519
161	0.0156274
162	0.0164831
163	0.0162558
164	0.016189
165	0.0151306
166	0.0482603
167	0.0157182
168	0.0159783
169	0.0165414
170	0.0159995
171	0.0154858
172	0.0161452
173	0.0159978
174	0.0163382
175	0.0157675
176	0.0161916
177	0.0157022
178	0.0159449
179	0.016892
180	0.0154392
181	0.0165627
182	0.0160116
183	0.0156723
184	0.0163386
185	0.015072
186	0.0160669
187	0.016019
188	0.0162606
189	0.0155689
190	0.0159978
191	0.0168823
192	0.0151452
193	0.0329638
194	0.031988
195	0.0311278
196	0.0164298
197	0.0154642
198	0.0330463
199	0.0150451
200	0.0168562
201	0.0160114
202	0.0159712
203	0.0161696
204	0.0159611
205	0.015892
206	0.0153397
207	0.0158248
208	0.0162446
209	0.0156649
210	0.0171055
211	0.0159632
212	0.0160293
213	0.0156539
214	0.0161813
215	0.0161466
216	0.015083
217	0.0168651
218	0.0160797
219	0.0154787
220	0.0164423
221	0.0159503
222	0.0160773
223	0.0159245
224	0.0150442
225	0.0169633
226	0.0160889
227	0.0160321
228	0.0159611
229	0.0160049
230	0.0151642
231	0.0168818
232	0.0150726
233	0.0169198
234	0.0156604
235	0.0154446
236	0.0167018
237	0.0154866
238	0.0160137
239	0.0156298
240	0.0166407
241	0.0158743
242	0.0165479
243	0.0159537
244	0.0156667
245	0.0163663
246	0.0150512
247	0.016021
248	0.015803
249	0.0162036
250	0.0168219
251	0.0157022
252	0.0324006
253	0.0150817
254	0.0157974
255	0.0170338
256	0.0159875
257	0.0161038
258	0.0152351
259	0.0167717
260	0.0158654
261	0.0153034
262	0.0166247
263	0.0151825
264	0.0169923
265	0.0150225
266	0.0169669
267	0.0160981
268	0.0155747
269	0.0152831
270	0.0165301
271	0.0159985
272	0.0163959
273	0.0152518
274	0.016032
275	0.0168097
276	0.0153107
277	0.0156809
278	0.0165518
279	0.0165054
280	0.0159987
281	0.0149137
282	0.0167474
283	0.0158269
284	0.0165087
285	0.0150641
286	0.0168463
287	0.0160137
288	0.0160453
289	0.0157833
290	0.016276
291	0.0158767
292	0.0159782
293	0.0153945
294	0.0156581
295	0.0170869
296	0.0151988
297	0.0156936
298	0.0161798
299	0.0165746
300	0.0162407
301	0.0152603
302	0.0157384
303	0.0160975
304	0.0170228
305	0.0157124
306	0.0163014
307	0.0151046
308	0.0167582
309	0.0159881
310	0.0159946
311	0.01583
312	0.0156066
313	0.0160773
314	0.015622
315	0.0162517
316	0.0164149
317	0.0160225
318	0.0157909
319	0.0165449
320	0.0159941
321	0.0153865
322	0.0156566
323	0.0159982
324	0.0161989
325	0.0159208
326	0.0168358
327	0.0160363
328	0.0148654
329	0.0161214
330	0.0169388
331	0.0161033
332	0.0152969
333	0.0154914
334	0.0164554
335	0.0159727
336	0.0326892
337	0.015007
338	0.0163828
339	0.0160477
340	0.0162105
341	0.0164179
342	0.0159838
343	0.0159717
344	0.0159855
345	0.0157468
346	0.0158689
347	0.0153353
348	0.0169935
349	0.0154202
350	0.0165634
351	0.015493
352	0.0166196
353	0.0154301
354	0.0156026
355	0.0170734
356	0.0158653
357	0.0160206
358	0.0150948
359	0.0158125
360	0.0165185
361	0.0157025
362	0.0158671
363	0.0169157
364	0.0161022
365	0.0159326
366	0.01591
367	0.0161456
368	0.0159825
369	0.0159535
370	0.016067
371	0.0152869
372	0.0320545
373	0.0158872
374	0.0167308
375	0.015295
376	0.016472
377	0.0160088
378	0.0156822
379	0.0155654
380	0.0162571
381	0.0161045
382	0.0157937
383	0.0160265
384	0.0167466
385	0.0156337
386	0.016292
387	0.0158481
388	0.0156378
389	0.0165208
390	0.016037
391	0.0150723
392	0.0165711
393	0.0162783
394	0.0160054
395	0.0150901
396	0.0159716
397	0.0170848
398	0.0150249
399	0.0170444
400	0.0149709
401	0.016871
402	0.0151449
403	0.0160456
404	0.0158107
405	0.0161566
406	0.015878
407	0.0163029
408	0.0164801
409	0.0151456
410	0.0160374
411	0.0159818
412	0.0160469
413	0.0159181
414	0.0161723
415	0.0159305
416	0.0162209
417	0.015928
418	0.0165153
419	0.0152776
420	0.0161021
421	0.0160721
422	0.0167296
423	0.0162599
424	0.0148879
425	0.0170896
426	0.0154214
427	0.0154647
428	0.0171133
429	0.0151026
430	0.0158848
431	0.0165276
432	0.0156131
433	0.0168851
434	0.0149783
435	0.0163987
436	0.0160097
437	0.0164572
438	0.0161683
439	0.015953
440	0.015546
441	0.0153663
442	0.0171243
443	0.030904
444	0.0160886
445	0.0160632
446	0.0163384
447	0.0165797
448	0.0155319
449	0.0158547
450	0.0166155
451	0.0153642
452	0.0166293
453	0.0161004
454	0.015468
455	0.0154614
456	0.0168661
457	0.0160448
458	0.015135
459	0.0169144
460	0.0159092
461	0.0153591
462	0.0166434
463	0.0150531
464	0.0165295
465	0.0164307
466	0.015282
467	0.0166975
468	0.0160639
469	0.016034
470	0.0149261
471	0.0160298
472	0.0162868
473	0.0157443
474	0.0170352
475	0.0158572
476	0.0155155
477	0.016189
478	0.0164146
479	0.0149215
480	0.0170588
481	0.015684
482	0.0162229
483	0.0160508
484	0.0161115
485	0.0159272
486	0.0152679
487	0.0158147
488	0.0159534
489	0.0169687
490	0.0160194
491	0.0157487
492	0.015414
493	0.0158119
494	0.0170654
495	0.0148942
496	0.0162895
497	0.0161083
498	0.0166871
499	0.0159825
500	0.0159576
501	0.0150456
502	0.0159019
503	0.0169617
504	0.0149772
505	0.0167209
506	0.0313761
507	0.0323264
508	0.0155984
509	0.0324192
510	0.0165475
511	0.0159547
512	0.0160571
513	0.0153447
514	0.0156554
515	0.0170183
516	0.0160201
517	0.0151568
518	0.0163115
519	0.0166365
520	0.0160635
521	0.0154945
522	0.0156993
523	0.0167898
524	0.0159678
525	0.0148761
526	0.0171639
527	0.0159691
528	0.0155125
529	0.0164778
530	0.0155044
531	0.0154783
532	0.0159734
533	0.0170899
534	0.0158333
535	0.0149993
536	0.0171491
537	0.0148804
538	0.0171256
539	0.0155518
540	0.0163197
541	0.0160948
542	0.0150258
543	0.0159286
544	0.0170506
545	0.0158953
546	0.0153231
547	0.0164849
548	0.0162656
549	0.0160335
550	0.0159264
551	0.0159296
552	0.0160912
553	0.0160979
554	0.0159772
555	0.0153859
556	0.0159394
557	0.0158103
558	0.0158109
559	0.0161231
560	0.016823
561	0.0160552
562	0.0149528
563	0.0164847
564	0.0158899
565	0.0167387
566	0.0155562
567	0.0164773
568	0.0157783
569	0.0157456
570	0.0158375
571	0.0165781
572	0.0160002
573	0.0160644
574	0.0159194
575	0.0160369
576	0.0154792
577	0.015633
578	0.0168538
579	0.0159069
580	0.0151891
581	0.0169234
582	0.0148949
583	0.0168527
584	0.0162312
585	0.0160267
586	0.015972
587	0.0157736
588	0.0151263
589	0.0169424
590	0.0150534
591	0.0161951
592	0.0158077
593	0.0160954
594	0.0489598
595	0.0152482
596	0.0167804
597	0.015071
598	0.0169766
599	0.0159479
600	0.0159371
601	0.0150483
602	0.0165146
603	0.0160331
604	0.0164322
605	0.0150271
606	0.0161638
607	0.01691
608	0.0157274
609	0.0161689
610	0.0160662
611	0.0150808
612	0.0169556
613	0.0152995
614	0.0165743
615	0.0151677
616	0.0164223
617	0.016499
618	0.0160009
619	0.0149493
620	0.0159617
621	0.0170885
622	0.014878
623	0.0161678
624	0.0158155
625	0.0168554
626	0.0158378
627	0.0157881
628	0.0160847
629	0.0165672
630	0.0149063
631	0.0170906
632	0.0154925
633	0.0164698
634	0.0159533
635	0.0161275
636	0.0158558
637	0.0160996
638	0.0149701
639	0.01687
640	0.016002
641	0.0158379
642	0.016305
643	0.016041
644	0.0159507
645	0.0159862
646	0.0151194
647	0.0160119
648	0.0160166
649	0.0158143
650	0.0159412
651	0.0168378
652	0.015531
653	0.0156584
654	0.0164641
655	0.0163548
656	0.0159569
657	0.0162656
658	0.0160514
659	0.015967
660	0.0159671
661	0.0160436
662	0.0160313
663	0.0160267
664	0.0149156
665	0.0162367
666	0.0164111
667	0.0156992
668	0.0159617
669	0.016634
670	0.0160154
671	0.0156912
672	0.0163591
673	0.0156274
674	0.0153899
675	0.0169029
676	0.0151396
677	0.0162616
678	0.0167376
679	0.0153771
680	0.0155831
681	0.0166414
682	0.0164005
683	0.0149707
684	0.0170064
685	0.0159909
686	0.0160725
687	0.0158814
688	0.0159323
689	0.0154201
690	0.015618
691	0.0167409
692	0.0163519
693	0.014915
694	0.0171106
695	0.0159828
696	0.0160756
697	0.0159436
698	0.0158564
699	0.0161142
700	0.0152288
701	0.0158228
702	0.0164601
703	0.0165174
704	0.0152156
705	0.0166735
706	0.0161298
707	0.0159417
708	0.0160067
709	0.0159881
710	0.0160325
711	0.0159502
712	0.0150325
713	0.0170248
714	0.0156873
715	0.015353
716	0.016076
717	0.0157075
718	0.0320875
719	0.0319101
720	0.0322038
721	0.0162056
722	0.0155988
723	0.0162804
724	0.016714
725	0.0153049
726	0.0168473
727	0.0153324
728	0.0165604
729	0.0150355
730	0.0169675
731	0.0161215
732	0.0151577
733	0.0168177
734	0.0155032
735	0.0164866
736	0.0160262
737	0.0149894
738	0.0160955
739	0.0168879
740	0.0153124
741	0.0166886
742	0.0160072
743	0.0160352
744	0.0149846
745	0.0163811
746	0.015725
747	0.0163184
748	0.0155541
749	0.0163017
750	0.01601
751	0.0156458
752	0.0160737
753	0.0168821
754	0.0152978
755	0.0167884
756	0.0154927
757	0.0165756
758	0.0150273
759	0.0161888
760	0.0161705
761	0.0164992
762	0.0151218
763	0.0169795
764	0.0152192
765	0.0166872
766	0.0160808
767	0.0151263
768	0.0164261
769	0.0164129
770	0.0148956
771	0.0167237
772	0.0157933
773	0.0162993
774	0.0152468
775	0.0164713
776	0.015754
777	0.0165208
778	0.0163576
779	0.01594
780	0.0160308
781	0.0159822
782	0.0152282
783	0.0167657
784	0.0159829
785	0.0159156
786	0.0161426
787	0.0149955
788	0.0169362
789	0.0150074
790	0.0169192
791	0.0152383
792	0.0159963
793	0.0158985
794	0.016407
795	0.0165924
796	0.0158757
797	0.0157685
798	0.0163501
799	0.0159641
800	0.0151959
801	0.0168708
802	0.0156952
803	0.0162376
804	0.0160109
805	0.0159319
806	0.0160715
807	0.0150118
808	0.0169678
809	0.0150426
810	0.0169993
811	0.0159858
812	0.0155229
813	0.0164666
814	0.0152295
815	0.015695
816	0.017123
817	0.0159695
818	0.0155486
819	0.0164584
820	0.0154787
821	0.0154707
822	0.0162155
823	0.015695
824	0.0164284
825	0.0165998
826	0.0160936
827	0.0149909
828	0.0161471
829	0.0169077
830	0.0159855
831	0.0160115
832	0.0160252
833	0.0159769
834	0.0159354
835	0.0160251
836	0.0150533
837	0.0168457
838	0.0160823
839	0.0159153
840	0.0161892
841	0.0156363
842	0.0162706
843	0.0154103
844	0.0155636
845	0.0169581
846	0.0161166
847	0.0158813
848	0.0158328
849	0.0153846
850	0.0168678
851	0.0158712
852	0.0150805
853	0.016461
854	0.0165918
855	0.0159357
856	0.0160645
857	0.0154938
858	0.016498
859	0.0153801
860	0.0165331
861	0.0152275
862	0.0159593
863	0.0167662
864	0.0160938
865	0.0160406
866	0.0152587
867	0.0165189
868	0.0162627
869	0.0151483
870	0.0157321
871	0.0170442
872	0.0158354
873	0.0161616
874	0.0160787
875	0.0158965
876	0.0161255
877	0.0159689
878	0.0159692
879	0.0159579
880	0.0152769
881	0.0167203
882	0.0160388
883	0.0159419
884	0.0160795
885	0.0159713
886	0.0149263
887	0.0160254
888	0.0171001
889	0.0150061
890	0.0166755
891	0.0163355
892	0.0159359
893	0.016
894	0.0150791
895	0.0162322
896	0.0157253
897	0.0169373
898	0.0160479
899	0.0160218
900	0.0154416
901	0.0165155
902	0.0149206
903	0.0170879
904	0.0150663
905	0.0168946
906	0.0160762
907	0.0158849
908	0.016094
909	0.0160262
910	0.0150558
911	0.0169944
912	0.0147714
913	0.0481215
914	0.0170247
915	0.0156595
916	0.0163198
917	0.0160016
918	0.0150591
919	0.0161905
920	0.0160649
921	0.0166897
922	0.0160636
923	0.0310418
924	0.0158356
925	0.0170645
926	0.01597
927	0.0160325
928	0.0154449
929	0.0154216
930	0.0170404
931	0.0160882
932	0.0160129
933	0.0160013
934	0.0150094
935	0.0168247
936	0.0161309
937	0.0160351
938	0.0160461
939	0.0158701
940	0.0161086
941	0.0159281
942	0.0149437
943	0.0170597
944	0.0159076
945	0.0154877
946	0.0157991
947	0.0168464
948	0.0160022
949	0.0148386
950	0.0160748
951	0.0170544
952	0.0159856
953	0.0160456
954	0.0159907
955	0.0153856
956	0.0166053
957	0.0159152
958	0.0152718
959	0.0166775
960	0.016177
961	0.0149053
962	0.0169986
963	0.0156311
964	0.016451
965	0.0156525
966	0.0163127
967	0.0159834
968	0.0159917
969	0.0149696
970	0.0169274
971	0.0158081
972	0.0163757
973	0.0150196
974	0.0158111
975	0.0161666
976	0.0168977
977	0.015374
978	0.016624
979	0.0149851
980	0.0167831
981	0.0162013
982	0.0160897
983	0.014983
984	0.0160242
985	0.0169897
986	0.0160769
987	0.0150185
988	0.0169639
989	0.0159434
990	0.0149928
991	0.0165884
992	0.0164319
993	0.0156441
994	0.0158382
995	0.0165013
996	0.0157474
997	0.0162401
998	0.0158093
999	0.0152324
