0	0.0166667
1	0.0237013
2	0.0155877
3	0.0167698
4	0.015984
5	0.0154742
6	0.0156905
7	0.0168814
8	0.0159492
9	0.0159553
10	0.0157032
11	0.0163433
12	0.0157842
13	0.0160036
14	0.0161436
15	0.0157579
16	0.015536
17	0.0158246
18	0.0161264
19	0.0161943
20	0.0160087
21	0.0159836
22	0.0157546
23	0.0160321
24	0.0324609
25	0.0156597
26	0.0159159
27	0.0167359
28	0.0161253
29	0.015498
30	0.0164841
31	0.0159792
32	0.0149173
33	0.0327387
34	0.0158417
35	0.0157128
36	0.0166712
37	0.0158466
38	0.0153312
39	0.0164186
40	0.0161546
41	0.0156149
42	0.0158414
43	0.0322469
44	0.0166493
45	0.0156318
46	0.0157383
47	0.0155896
48	0.0164797
49	0.0165298
50	0.0150274
51	0.0170867
52	0.0153537
53	0.016647
54	0.0159499
55	0.0149724
56	0.0166581
57	0.0161767
58	0.0161243
59	0.0151183
60	0.0159809
61	0.016038
62	0.0165556
63	0.0158051
64	0.0158832
65	0.0159897
66	0.0320722
67	0.0163048
68	0.0162528
69	0.0156777
70	0.0161527
71	0.0153918
72	0.0163292
73	0.0159362
74	0.0166544
75	0.0152557
76	0.0327562
77	0.0318619
78	0.0309586
79	0.0171369
80	0.0152379
81	0.0160262
82	0.0161651
83	0.0156579
84	0.0157852
85	0.0160602
86	0.0168704
87	0.0311278
88	0.0159732
89	0.0159917
90	0.016646
91	0.0160073
92	0.0156127
93	0.0159457
94	0.0167357
95	0.0157136
96	0.0160881
97	0.0156549
98	0.0165954
99	0.015857
100	0.0154767
101	0.0166658
102	0.0159192
103	0.0156027
104	0.0157328
105	0.0163426
106	0.0155424
107	0.0160454
108	0.0159987
109	0.0160824
110	0.016823
111	0.0150003
112	0.016435
113	0.0166117
114	0.0159683
115	0.015569
116	0.0158104
117	0.0159137
118	0.0157231
119	0.0162182
120	0.0163122
121	0.0162112
122	0.0155261
123	0.0166205
124	0.0158928
125	0.0162172
126	0.0157542
127	0.0162319
128	0.0159999
129	0.0153823
130	0.0167294
131	0.0149129
132	0.0169081
133	0.0151011
134	0.0327211
135	0.0162323
136	0.0149375
137	0.0165819
138	0.0154103
139	0.0167817
140	0.0162295
141	0.0158956
142	0.0150706
143	0.0168581
144	0.016369
145	0.0154895
146	0.015692
147	0.0167115
148	0.0159642
149	0.0160934
150	0.0158457
151	0.0314055
152	0.0165746
153	0.0161321
154	0.0158115
155	0.0150414
156	0.0169846
157	0.0159842
158	0.0150164
159	0.0160325
160	0.0169122
161	0.0152719
162	0.0477618
163	0.0162034
164	0.0168312
165	0.0157437
166	0.0164441
167	0.0153257
168	0.0159038
169	0.0162658
170	0.0153958
171	0.0167054
172	0.0161077
173	0.0161688
174	0.0149564
175	0.0165959
176	0.0160149
177	0.0158135
178	0.0162324
179	0.0163046
180	0.0157916
181	0.0158732
182	0.0157187
183	0.0157325
184	0.0159374
185	0.0159867
186	0.016049
187	0.0166991
188	0.0315158
189	0.0316959
190	0.0324112
191	0.0155756
192	0.0645301
193	0.0155209
194	0.0160203
195	0.0323725
196	0.0482026
197	0.0155217
198	0.0168701
199	0.0152457
200	0.0162834
201	0.0161412
202	0.0160645
203	0.0153407
204	0.0167015
205	0.0156337
206	0.0167001
207	0.0311531
208	0.0328839
209	0.0149143
210	0.0170265
211	0.0160827
212	0.0159387
213	0.0150507
214	0.0168847
215	0.015455
216	0.0166541
217	0.0156726
218	0.0162076
219	0.0160488
220	0.0160247
221	0.01532
222	0.0166043
223	0.0149719
224	0.0163775
225	0.016369
226	0.0152903
227	0.0162508
228	0.0164714
229	0.0155368
230	0.0162162
231	0.0166205
232	0.0152757
233	0.0165696
234	0.0152412
235	0.0167853
236	0.014993
237	0.0160083
238	0.0169889
239	0.0157318
240	0.0162394
241	0.0150767
242	0.0159555
243	0.0169793
244	0.0153823
245	0.0160814
246	0.0166321
247	0.0149944
248	0.0161575
249	0.0157739
250	0.0167686
251	0.0156148
252	0.0156514
253	0.016655
254	0.0159169
255	0.0163918
256	0.0154617
257	0.0159869
258	0.0155721
259	0.0168013
260	0.0151551
261	0.0169426
262	0.0158653
263	0.0155415
264	0.016588
265	0.0161397
266	0.0152315
267	0.0162305
268	0.0165099
269	0.0154124
270	0.0165602
271	0.0161146
272	0.0160258
273	0.0153696
274	0.0159178
275	0.0162634
276	0.0154846
277	0.0164383
278	0.015358
279	0.0170761
280	0.0157962
281	0.0157747
282	0.0157976
283	0.0155847
284	0.0165481
285	0.0155892
286	0.0161121
287	0.0167983
288	0.0160642
289	0.0155047
290	0.0163959
291	0.0150382
292	0.016129
293	0.0161347
294	0.0168091
295	0.0150087
296	0.0169237
297	0.0159367
298	0.0160054
299	0.0159747
300	0.0157269
301	0.0157444
302	0.0166555
303	0.0157323
304	0.0151579
305	0.0169955
306	0.0151946
307	0.0161833
308	0.0160257
309	0.0168194
310	0.0152956
311	0.015638
312	0.0168767
313	0.016044
314	0.0160249
315	0.016054
316	0.014884
317	0.0170183
318	0.0151693
319	0.016914
320	0.0152684
321	0.0167431
322	0.0149674
323	0.0161456
324	0.0160076
325	0.0166733
326	0.0159706
327	0.0162247
328	0.0159971
329	0.0155702
330	0.0164328
331	0.0160032
332	0.0157088
333	0.0162432
334	0.016091
335	0.0158808
336	0.0311495
337	0.0168996
338	0.0159315
339	0.0151022
340	0.0168528
341	0.0161372
342	0.0160016
343	0.0150365
344	0.0164481
345	0.016514
346	0.0151721
347	0.0168854
348	0.0150425
349	0.0164793
350	0.0315492
351	0.0165072
352	0.0153015
353	0.0160565
354	0.0169427
355	0.0153751
356	0.0162528
357	0.01621
358	0.016251
359	0.0150083
360	0.0160102
361	0.0163515
362	0.0165781
363	0.0160644
364	0.0160089
365	0.0159538
366	0.0160362
367	0.0150273
368	0.0169434
369	0.0154845
370	0.0164287
371	0.0152618
372	0.0166981
373	0.0158932
374	0.0162325
375	0.0155997
376	0.0154445
377	0.0169548
378	0.0159081
379	0.0150703
380	0.016422
381	0.0164819
382	0.0158808
383	0.0162439
384	0.0160367
385	0.0159511
386	0.0149893
387	0.016946
388	0.0153558
389	0.0166452
390	0.0152145
391	0.0168932
392	0.0153669
393	0.0165907
394	0.0157433
395	0.0162552
396	0.0150049
397	0.0166088
398	0.0160004
399	0.0153244
400	0.015902
401	0.0168877
402	0.0154462
403	0.016511
404	0.0315738
405	0.0162762
406	0.0159463
407	0.0163834
408	0.0156079
409	0.0154128
410	0.0165065
411	0.0160482
412	0.0165389
413	0.0152996
414	0.0156773
415	0.0170572
416	0.0158162
417	0.0150414
418	0.0170533
419	0.0160846
420	0.0149015
421	0.0169283
422	0.0153042
423	0.0166967
424	0.0311899
425	0.0158989
426	0.0167935
427	0.0151534
428	0.0327856
429	0.0153545
430	0.0169706
431	0.016003
432	0.0151
433	0.0165721
434	0.0163276
435	0.0158822
436	0.0152859
437	0.0164771
438	0.0155012
439	0.016821
440	0.0149669
441	0.0165995
442	0.0163576
443	0.016022
444	0.0159653
445	0.031025
446	0.016875
447	0.015627
448	0.0164094
449	0.0159986
450	0.0157866
451	0.0158415
452	0.0164199
453	0.0161533
454	0.0158822
455	0.0159292
456	0.0151848
457	0.0161411
458	0.0158173
459	0.0162944
460	0.0159151
461	0.0166165
462	0.0155533
463	0.0166557
464	0.0155753
465	0.0158325
466	0.0160341
467	0.0160835
468	0.0162713
469	0.0158863
470	0.0157766
471	0.015556
472	0.0169453
473	0.015023
474	0.0159597
475	0.0169355
476	0.0151027
477	0.017001
478	0.0159003
479	0.0158202
480	0.0152369
481	0.016951
482	0.0161402
483	0.0153568
484	0.0166288
485	0.0151933
486	0.0168061
487	0.0158957
488	0.0161431
489	0.0153036
490	0.0166499
491	0.0157951
492	0.0162551
493	0.0159639
494	0.015711
495	0.0154123
496	0.0158512
497	0.0169023
498	0.0151868
499	0.0169316
500	0.016011
501	0.0154403
502	0.0165531
503	0.0150724
504	0.0161221
505	0.0480593
506	0.0162998
507	0.0153796
508	0.0169399
509	0.0155764
510	0.0165184
511	0.0159409
512	0.0155006
513	0.0165781
514	0.0160832
515	0.0149595
516	0.0160579
517	0.0166356
518	0.0162634
519	0.0149881
520	0.0170134
521	0.0150865
522	0.0163405
523	0.016589
524	0.0160262
525	0.015958
526	0.0159956
527	0.0160344
528	0.0159301
529	0.0159942
530	0.0161095
531	0.0154299
532	0.0161657
533	0.0158149
534	0.0154429
535	0.0170241
536	0.0161048
537	0.0154211
538	0.0164726
539	0.0158347
540	0.0156003
541	0.0166431
542	0.0156667
543	0.0162045
544	0.0151558
545	0.0170013
546	0.0149258
547	0.0169988
548	0.0159855
549	0.0160891
550	0.0149909
551	0.0170207
552	0.0151543
553	0.0167976
554	0.0160198
555	0.0154445
556	0.0165649
557	0.0160107
558	0.0159948
559	0.015136
560	0.0168233
561	0.0156988
562	0.0156271
563	0.015683
564	0.0162309
565	0.0157767
566	0.0162132
567	0.0164612
568	0.0153375
569	0.0166352
570	0.015193
571	0.0168034
572	0.0482819
573	0.0631795
574	0.0160853
575	0.0167345
576	0.0151437
577	0.0167873
578	0.0155115
579	0.0166249
580	0.0158526
581	0.015997
582	0.0155173
583	0.016524
584	0.0159512
585	0.0153904
586	0.0168093
587	0.0156382
588	0.0161095
589	0.0150825
590	0.0169963
591	0.0152006
592	0.0169271
593	0.0160539
594	0.0152398
595	0.0166795
596	0.0159625
597	0.0159728
598	0.0151359
599	0.0160981
600	0.0168296
601	0.0160387
602	0.0160338
603	0.0155967
604	0.0163192
605	0.0158559
606	0.016203
607	0.0153117
608	0.0167515
609	0.0148397
610	0.015923
611	0.0160797
612	0.0165953
613	0.0473717
614	0.0162605
615	0.0160667
616	0.0168608
617	0.0150771
618	0.0168472
619	0.0148523
620	0.0169523
621	0.0155968
622	0.0166354
623	0.015829
624	0.0160687
625	0.0156866
626	0.0163422
627	0.0159931
628	0.0159837
629	0.0160961
630	0.0152196
631	0.016743
632	0.0160698
633	0.0159706
634	0.0151876
635	0.0317466
636	0.0159133
637	0.0163117
638	0.0158786
639	0.0163629
640	0.016432
641	0.0151474
642	0.0169775
643	0.0150746
644	0.0169248
645	0.0156832
646	0.01529
647	0.0160501
648	0.0164692
649	0.0155077
650	0.0170585
651	0.0149603
652	0.0169765
653	0.015157
654	0.0161943
655	0.0166826
656	0.0151127
657	0.0159062
658	0.0169394
659	0.0155756
660	0.015884
661	0.0165504
662	0.0149832
663	0.0160568
664	0.0169667
665	0.0159748
666	0.0159123
667	0.0160994
668	0.016083
669	0.0155479
670	0.0152696
671	0.0160024
672	0.0319872
673	0.016257
674	0.0157977
675	0.0163367
676	0.0157861
677	0.0169029
678	0.0159309
679	0.0160328
680	0.0160395
681	0.0154304
682	0.0154894
683	0.0166847
684	0.0162704
685	0.0156831
686	0.0164299
687	0.0150074
688	0.0170201
689	0.0160204
690	0.0150873
691	0.0167723
692	0.01611
693	0.015724
694	0.0154143
695	0.0159099
696	0.0168993
697	0.0159732
698	0.0160985
699	0.0149812
700	0.0165236
701	0.0165265
702	0.0151039
703	0.0160639
704	0.0158403
705	0.0168717
706	0.0149674
707	0.0166531
708	0.0160387
709	0.0163032
710	0.0149704
711	0.016041
712	0.0166078
713	0.0156222
714	0.0161603
715	0.0167233
716	0.0159126
717	0.0158253
718	0.0152201
719	0.0162847
720	0.0163304
721	0.0164287
722	0.014941
723	0.0169813
724	0.0154661
725	0.0166172
726	0.0159817
727	0.0157485
728	0.0155297
729	0.015842
730	0.0162601
731	0.0166481
732	0.015728
733	0.0313921
734	0.016814
735	0.0161079
736	0.0149443
737	0.0169969
738	0.0156738
739	0.0163727
740	0.0155819
741	0.0163564
742	0.015943
743	0.0160779
744	0.0160013
745	0.015252
746	0.0164981
747	0.0163043
748	0.0159495
749	0.0156901
750	0.0163511
751	0.0159485
752	0.0153741
753	0.0166642
754	0.0152434
755	0.0156948
756	0.0170227
757	0.0155579
758	0.0158467
759	0.0165845
760	0.0160106
761	0.0159223
762	0.0320803
763	0.0158639
764	0.0160408
765	0.0160926
766	0.0158839
767	0.0155655
768	0.0165029
769	0.0161501
770	0.0153436
771	0.0165709
772	0.0151798
773	0.0166072
774	0.0157727
775	0.0154604
776	0.0163472
777	0.0165878
778	0.0159142
779	0.0159524
780	0.0162194
781	0.0155706
782	0.0159626
783	0.0163779
784	0.0159853
785	0.0151208
786	0.0169364
787	0.016044
788	0.0150628
789	0.0158579
790	0.0169992
791	0.0150008
792	0.0170258
793	0.01507
794	0.01697
795	0.0157809
796	0.0161796
797	0.0160459
798	0.0159178
799	0.0156217
800	0.0164193
801	0.0159367
802	0.0159151
803	0.0151592
804	0.0169919
805	0.0152672
806	0.01645
807	0.0157208
808	0.0164869
809	0.0161098
810	0.0150719
811	0.0165714
812	0.047833
813	0.0162436
814	0.0159378
815	0.0156508
816	0.0166738
817	0.0151978
818	0.0166777
819	0.0155186
820	0.0157543
821	0.0161108
822	0.0165284
823	0.0161844
824	0.0153622
825	0.0159332
826	0.0167055
827	0.015
828	0.0170444
829	0.0156719
830	0.0158773
831	0.0162871
832	0.016127
833	0.0153255
834	0.0165638
835	0.0161218
836	0.0159641
837	0.0159896
838	0.0159167
839	0.0160775
840	0.0157881
841	0.0161279
842	0.0158779
843	0.0162851
844	0.015904
845	0.0150419
846	0.0168734
847	0.0161791
848	0.0157389
849	0.01555
850	0.0155616
851	0.0171029
852	0.0160208
853	0.0160088
854	0.0155446
855	0.0164752
856	0.0153807
857	0.0165366
858	0.0154856
859	0.0167
860	0.0156309
861	0.0162335
862	0.0159947
863	0.0159958
864	0.0151277
865	0.0168704
866	0.0149279
867	0.0169529
868	0.0150579
869	0.0170394
870	0.0156254
871	0.0162632
872	0.0156426
873	0.016537
874	0.015331
875	0.0166172
876	0.0160025
877	0.0160038
878	0.0150703
879	0.0166644
880	0.0153873
881	0.0164463
882	0.0164734
883	0.0150641
884	0.0168471
885	0.0631467
886	0.0161625
887	0.0167185
888	0.0156743
889	0.0163524
890	0.0153741
891	0.0163594
892	0.0159525
893	0.0162476
894	0.0151607
895	0.0169533
896	0.0153172
897	0.0166084
898	0.0151861
899	0.0157006
900	0.0165024
901	0.0162795
902	0.0152584
903	0.0170394
904	0.0161264
905	0.0157845
906	0.0152389
907	0.016365
908	0.0165797
909	0.0150453
910	0.0168964
911	0.0158251
912	0.0162842
913	0.0158767
914	0.0150529
915	0.016915
916	0.0158188
917	0.0163066
918	0.0149909
919	0.0169117
920	0.0160777
921	0.0152671
922	0.0167279
923	0.0159591
924	0.0150708
925	0.0168631
926	0.0157743
927	0.0161689
928	0.0161744
929	0.0152326
930	0.0156771
931	0.0170559
932	0.0159833
933	0.0160542
934	0.0151164
935	0.0168711
936	0.0159585
937	0.0153367
938	0.016707
939	0.0155344
940	0.0163343
941	0.0161308
942	0.0150662
943	0.0168877
944	0.0159441
945	0.0154066
946	0.0159898
947	0.0166605
948	0.0159591
949	0.0160584
950	0.0160242
951	0.0155654
952	0.0164551
953	0.0158603
954	0.0159777
955	0.0151148
956	0.0170105
957	0.0159517
958	0.0157241
959	0.016286
960	0.0160248
961	0.0154349
962	0.0155883
963	0.0159172
964	0.0170752
965	0.0159859
966	0.01489
967	0.0170484
968	0.0154013
969	0.0166618
970	0.0152303
971	0.0166495
972	0.0160886
973	0.0159963
974	0.0150918
975	0.0168734
976	0.0151116
977	0.016943
978	0.0159291
979	0.016059
980	0.015149
981	0.0168665
982	0.0160488
983	0.0159953
984	0.0159942
985	0.0149261
986	0.0170772
987	0.0160082
988	0.0159918
989	0.0154699
990	0.0164195
991	0.0159196
992	0.0162105
993	0.0155301
994	0.0164463
995	0.0160044
996	0.0152968
997	0.016678
998	0.0160251
999	0.0148646
