0	0.0166667
1	0.0347556
2	0.0318813
3	0.031696
4	0.0330319
5	0.0316419
6	0.0320839
7	0.0312251
8	0.0329928
9	0.0316524
10	0.0321381
11	0.0317985
12	0.0321466
13	0.0312432
14	0.0327846
15	0.0318971
16	0.0323137
17	0.0315572
18	0.0314839
19	0.0330095
20	0.0315388
21	0.0324734
22	0.0312492
23	0.0323089
24	0.0313867
25	0.0328251
26	0.0319237
27	0.0318899
28	0.0321473
29	0.0312749
30	0.0328672
31	0.0312541
32	0.0319415
33	0.0321882
34	0.0328326
35	0.0312111
36	0.0326542
37	0.0313144
38	0.0319601
39	0.0321825
40	0.0324237
41	0.0311743
42	0.0324019
43	0.0636599
44	0.0319821
45	0.0327536
46	0.0315508
47	0.0325551
48	0.0316569
49	0.0320822
50	0.0319739
51	0.0316646
52	0.0327165
53	0.032023
54	0.0317373
55	0.0317144
56	0.031564
57	0.0326536
58	0.0318877
59	0.0320791
60	0.032342
61	0.0310731
62	0.0322169
63	0.0323309
64	0.0321972
65	0.031607
66	0.0319488
67	0.0318461
68	0.0317485
69	0.0323325
70	0.032382
71	0.0317335
72	0.0315184
73	0.0325891
74	0.0321834
75	0.0317499
76	0.0315531
77	0.0330178
78	0.031891
79	0.0319425
80	0.0312289
81	0.0644451
82	0.0485354
83	0.0309208
84	0.0330103
85	0.0316789
86	0.0315591
87	0.032808
88	0.0311256
89	0.0328989
90	0.0309633
91	0.0327703
92	0.0314499
93	0.0323782
94	0.0323394
95	0.0309999
96	0.0330377
97	0.0316038
98	0.0318729
99	0.0323446
100	0.0317894
101	0.0320442
102	0.0317478
103	0.032082
104	0.0316544
105	0.0322965
106	0.0319873
107	0.032531
108	0.031451
109	0.0325757
110	0.0310033
111	0.0325216
112	0.0321943
113	0.0317835
114	0.0325193
115	0.031038
116	0.0328867
117	0.0309881
118	0.0331107
119	0.0315297
120	0.0321218
121	0.0320659
122	0.0317945
123	0.0323115
124	0.0316873
125	0.0321889
126	0.031249
127	0.0324372
128	0.0323188
129	0.0313457
130	0.0326221
131	0.0319968
132	0.032106
133	0.0311424
134	0.033049
135	0.0315434
136	0.0321018
137	0.0321608
138	0.0316897
139	0.0322814
140	0.0318109
141	0.031347
142	0.0324403
143	0.0323971
144	0.0316842
145	0.032107
146	0.0321828
147	0.0318729
148	0.0320402
149	0.0320442
150	0.0314573
151	0.0328459
152	0.0312508
153	0.0328118
154	0.0314883
155	0.0322913
156	0.0316166
157	0.032473
158	0.0314226
159	0.0325972
160	0.0313908
161	0.0326479
162	0.031664
163	0.0319668
164	0.0323162
165	0.0314425
166	0.0324948
167	0.0313296
168	0.0325019
169	0.0320018
170	0.0316192
171	0.0326469
172	0.0316064
173	0.0315294
174	0.0327761
175	0.031681
176	0.0321479
177	0.0316743
178	0.0320217
179	0.031552
180	0.0320308
181	0.0328399
182	0.031838
183	0.032041
184	0.0317712
185	0.0326028
186	0.0314898
187	0.0321363
188	0.03212
189	0.0321254
190	0.0312466
191	0.0325715
192	0.0317776
193	0.0322436
194	0.0315372
195	0.0327198
196	0.0313932
197	0.0324899
198	0.0316561
199	0.0320761
200	0.031492
201	0.032598
202	0.0315752
203	0.0325786
204	0.0313679
205	0.0327578
206	0.0316326
207	0.0320063
208	0.0312877
209	0.032767
210	0.0318639
211	0.0321337
212	0.0319395
213	0.0319424
214	0.0321866
215	0.0320485
216	0.031167
217	0.0322257
218	0.0323545
219	0.032092
220	0.031774
221	0.0315707
222	0.0320327
223	0.0328279
224	0.0316407
225	0.0325049
226	0.0316402
227	0.0313144
228	0.0329768
229	0.0312991
230	0.0327773
231	0.0316524
232	0.0318997
233	0.0321598
234	0.0316377
235	0.0321185
236	0.0320439
237	0.0320753
238	0.0319272
239	0.0315083
240	0.0326584
241	0.0313119
242	0.0324637
243	0.032145
244	0.0321711
245	0.0315348
246	0.0318621
247	0.0325282
248	0.0318847
249	0.0322433
250	0.0315144
251	0.0316202
252	0.0324086
253	0.0316073
254	0.0320042
255	0.0327389
256	0.0316795
257	0.0324867
258	0.031599
259	0.0322715
260	0.0316512
261	0.032375
262	0.0316645
263	0.0323874
264	0.031101
265	0.0328152
266	0.0313896
267	0.0327474
268	0.031705
269	0.0320959
270	0.0318339
271	0.0323653
272	0.0313768
273	0.0321907
274	0.0319255
275	0.0325349
276	0.0317605
277	0.0316864
278	0.0325692
279	0.0315414
280	0.0321805
281	0.0318438
282	0.0322122
283	0.0316331
284	0.0325305
285	0.0317313
286	0.0321924
287	0.0314722
288	0.0326206
289	0.0317927
290	0.0320168
291	0.031931
292	0.0318457
293	0.0324144
294	0.0315002
295	0.0323582
296	0.0318334
297	0.0319519
298	0.0320522
299	0.0320857
300	0.0317405
301	0.0324587
302	0.0314174
303	0.0326496
304	0.0315615
305	0.0318775
306	0.0325032
307	0.0317579
308	0.0318424
309	0.031852
310	0.0323335
311	0.0318643
312	0.0319573
313	0.03209
314	0.0313624
315	0.0328836
316	0.0310819
317	0.0324157
318	0.032284
319	0.0319225
320	0.0319717
321	0.0321678
322	0.0318939
323	0.0321727
324	0.0318427
325	0.0319766
326	0.0320964
327	0.0316622
328	0.0323228
329	0.0318833
330	0.0321391
331	0.0319696
332	0.0318799
333	0.0322192
334	0.0311421
335	0.0331651
336	0.0315672
337	0.032191
338	0.0318364
339	0.0322984
340	0.0317865
341	0.0314924
342	0.0320388
343	0.0320753
344	0.0324088
345	0.0319362
346	0.0317459
347	0.0323876
348	0.0318987
349	0.0318844
350	0.0319757
351	0.0323334
352	0.0314281
353	0.0316295
354	0.0320312
355	0.0328402
356	0.0317108
357	0.0321087
358	0.0318082
359	0.0316132
360	0.0325441
361	0.0320694
362	0.0315768
363	0.0319438
364	0.0317876
365	0.0327754
366	0.0311218
367	0.0331438
368	0.0315365
369	0.0319871
370	0.0318717
371	0.032253
372	0.0315226
373	0.0326545
374	0.0315387
375	0.0324477
376	0.0316527
377	0.0317407
378	0.0325386
379	0.0317673
380	0.0320565
381	0.0320342
382	0.0316237
383	0.0316449
384	0.0324731
385	0.0323301
386	0.0318316
387	0.0321167
388	0.0318381
389	0.0317958
390	0.0325506
391	0.0315099
392	0.0326294
393	0.0315856
394	0.0318865
395	0.0321912
396	0.0317645
397	0.0323439
398	0.0318009
399	0.0321384
400	0.0320892
401	0.0312316
402	0.0324362
403	0.0315654
404	0.0322154
405	0.0324893
406	0.0318765
407	0.0317864
408	0.0325721
409	0.0317046
410	0.0319007
411	0.0320743
412	0.0320372
413	0.031912
414	0.0318388
415	0.0323394
416	0.0317603
417	0.0320846
418	0.0317847
419	0.032655
420	0.0314883
421	0.0320322
422	0.032063
423	0.0322262
424	0.0316512
425	0.0323543
426	0.0310747
427	0.0324469
428	0.0316069
429	0.0323034
430	0.032382
431	0.0320161
432	0.0316703
433	0.0325417
434	0.0315788
435	0.0322712
436	0.0319052
437	0.0319237
438	0.0321473
439	0.0316542
440	0.0322469
441	0.0320152
442	0.0321307
443	0.0319344
444	0.0317755
445	0.0321725
446	0.0313771
447	0.0329936
448	0.031525
449	0.031965
450	0.0325027
451	0.031199
452	0.0321937
453	0.0316325
454	0.0319129
455	0.0326851
456	0.0317246
457	0.0323131
458	0.0316738
459	0.0325041
460	0.0315149
461	0.0315526
462	0.0331174
463	0.031519
464	0.0313167
465	0.0329297
466	0.0315573
467	0.0326047
468	0.0313818
469	0.0325339
470	0.0315284
471	0.0325756
472	0.0315437
473	0.0324129
474	0.031633
475	0.0320198
476	0.0313738
477	0.0324175
478	0.0318549
479	0.0324496
480	0.0321438
481	0.0317046
482	0.0313773
483	0.0331101
484	0.0315208
485	0.0320638
486	0.0319568
487	0.0321453
488	0.0311583
489	0.0324905
490	0.0315638
491	0.032178
492	0.0324634
493	0.0318462
494	0.0324239
495	0.0311851
496	0.0324529
497	0.0321316
498	0.0317786
499	0.0322791
500	0.0319445
501	0.032324
502	0.0314216
503	0.0316254
504	0.0325245
505	0.0321638
506	0.0318455
507	0.0322706
508	0.0315714
509	0.032639
510	0.0314734
511	0.0321977
512	0.0319001
513	0.0320858
514	0.031812
515	0.0323494
516	0.0313571
517	0.0324823
518	0.0319436
519	0.0318569
520	0.0321149
521	0.032267
522	0.0313065
523	0.0328985
524	0.0310775
525	0.03282
526	0.0316043
527	0.0318276
528	0.0315141
529	0.0331046
530	0.0316126
531	0.0320159
532	0.0319225
533	0.0320831
534	0.031551
535	0.0328794
536	0.0314921
537	0.032114
538	0.0320789
539	0.0319622
540	0.0312689
541	0.0330283
542	0.0315771
543	0.0319414
544	0.0318996
545	0.03255
546	0.0314665
547	0.0323361
548	0.03152
549	0.0326739
550	0.0316072
551	0.0318355
552	0.0319083
553	0.0321803
554	0.032137
555	0.0317709
556	0.0324921
557	0.0314717
558	0.031697
559	0.0326885
560	0.0318538
561	0.0315442
562	0.0324742
563	0.0319213
564	0.0323931
565	0.0311953
566	0.0320572
567	0.0324517
568	0.0320122
569	0.0320316
570	0.0316774
571	0.0326633
572	0.0315824
573	0.0320864
574	0.0319341
575	0.031929
576	0.0319017
577	0.0314145
578	0.0322122
579	0.0326457
580	0.0318709
581	0.0317542
582	0.0325429
583	0.0315357
584	0.032246
585	0.0320649
586	0.0312052
587	0.0327346
588	0.0320441
589	0.0321897
590	0.0315027
591	0.0326122
592	0.0315508
593	0.0320815
594	0.031649
595	0.0324679
596	0.0318122
597	0.0320119
598	0.032096
599	0.0319666
600	0.0317908
601	0.032461
602	0.0313847
603	0.0317443
604	0.0324937
605	0.032041
606	0.0321989
607	0.0321118
608	0.0314008
609	0.0326607
610	0.031583
611	0.0320962
612	0.0321267
613	0.0319093
614	0.0320939
615	0.0317811
616	0.0318126
617	0.0323151
618	0.0318609
619	0.0321904
620	0.0320852
621	0.031542
622	0.0322781
623	0.0318725
624	0.0321812
625	0.031812
626	0.0321225
627	0.031701
628	0.0320342
629	0.0323441
630	0.031826
631	0.0317868
632	0.032479
633	0.0314599
634	0.0323542
635	0.0321605
636	0.0318762
637	0.0319556
638	0.031524
639	0.0327691
640	0.0312845
641	0.0318314
642	0.0327743
643	0.0318155
644	0.0320217
645	0.0323247
646	0.0315645
647	0.032208
648	0.031954
649	0.0316347
650	0.0318038
651	0.0327729
652	0.0313531
653	0.0319727
654	0.0321606
655	0.03172
656	0.0325594
657	0.0320994
658	0.031777
659	0.0321107
660	0.0319551
661	0.032044
662	0.0319773
663	0.0313258
664	0.0319493
665	0.0328532
666	0.0318596
667	0.0320981
668	0.0317028
669	0.0324025
670	0.031182
671	0.0320641
672	0.0326824
673	0.0319273
674	0.0319948
675	0.0320656
676	0.0320637
677	0.0313362
678	0.0320907
679	0.0327712
680	0.0313172
681	0.032767
682	0.0313713
683	0.0325501
684	0.0314098
685	0.0326396
686	0.0314384
687	0.0318998
688	0.0320131
689	0.0325248
690	0.0314642
691	0.0326051
692	0.0315915
693	0.0319719
694	0.0321941
695	0.0319562
696	0.0318485
697	0.0321518
698	0.0318841
699	0.0320139
700	0.0312976
701	0.0330851
702	0.0312834
703	0.0318423
704	0.0323978
705	0.0323922
706	0.0314873
707	0.0316712
708	0.0324859
709	0.0321772
710	0.0319789
711	0.031927
712	0.0319116
713	0.0316748
714	0.0321033
715	0.0316926
716	0.0327644
717	0.0317693
718	0.0319331
719	0.0322685
720	0.0314704
721	0.0327696
722	0.0316585
723	0.0319161
724	0.0320444
725	0.0316554
726	0.0321687
727	0.0316294
728	0.032584
729	0.0318915
730	0.031938
731	0.0319403
732	0.0325674
733	0.0316728
734	0.0318626
735	0.0324669
736	0.0315292
737	0.0316208
738	0.0322459
739	0.0316347
740	0.032539
741	0.0324074
742	0.0315864
743	0.0320372
744	0.0319127
745	0.0322419
746	0.0318142
747	0.0321835
748	0.0317643
749	0.0324424
750	0.0309946
751	0.032676
752	0.0314267
753	0.0325912
754	0.0320296
755	0.0319559
756	0.0319991
757	0.0320052
758	0.0319644
759	0.0318595
760	0.0325795
761	0.0316193
762	0.0318093
763	0.0319578
764	0.0315047
765	0.0325642
766	0.0317669
767	0.03277
768	0.0315034
769	0.0322659
770	0.0318095
771	0.0321916
772	0.0317911
773	0.0321075
774	0.0318744
775	0.0319713
776	0.0324309
777	0.0312671
778	0.0326738
779	0.0317948
780	0.0318219
781	0.0321284
782	0.0313699
783	0.0327233
784	0.0318113
785	0.03202
786	0.0319976
787	0.0320337
788	0.0323226
789	0.0312438
790	0.0321412
791	0.0324095
792	0.0318288
793	0.0321467
794	0.0318471
795	0.0323068
796	0.0317516
797	0.0319981
798	0.0320065
799	0.0319649
800	0.0316209
801	0.0326903
802	0.0313699
803	0.0326415
804	0.0316733
805	0.0313498
806	0.0331251
807	0.031454
808	0.0321387
809	0.0320684
810	0.0319774
811	0.0319559
812	0.0317644
813	0.0318961
814	0.0316574
815	0.0326788
816	0.0319726
817	0.0318705
818	0.0323123
819	0.0318458
820	0.0319565
821	0.0322748
822	0.0316867
823	0.0320052
824	0.0320549
825	0.0317611
826	0.0317759
827	0.032169
828	0.0323449
829	0.0320512
830	0.0316778
831	0.0325194
832	0.0315155
833	0.0323487
834	0.0314268
835	0.0327802
836	0.0316752
837	0.0318906
838	0.0323096
839	0.0312211
840	0.0326914
841	0.0318862
842	0.0319246
843	0.0319358
844	0.0318573
845	0.0317841
846	0.0324764
847	0.0316813
848	0.0325732
849	0.0317227
850	0.0319189
851	0.0314138
852	0.0325062
853	0.0317577
854	0.0325336
855	0.0318366
856	0.031971
857	0.0320831
858	0.0319099
859	0.0322606
860	0.0317411
861	0.0321128
862	0.0312781
863	0.0320189
864	0.0325606
865	0.0317594
866	0.0324489
867	0.0319231
868	0.0317174
869	0.0326227
870	0.0315884
871	0.0321757
872	0.0317679
873	0.0321716
874	0.0318001
875	0.0324164
876	0.0309898
877	0.0324425
878	0.0323469
879	0.0318365
880	0.0320315
881	0.0320906
882	0.0319584
883	0.0312967
884	0.0327895
885	0.0319581
886	0.0319652
887	0.0318284
888	0.0324785
889	0.031627
890	0.0320914
891	0.0319999
892	0.0320017
893	0.0320284
894	0.0314332
895	0.0326728
896	0.0318114
897	0.0319624
898	0.0320892
899	0.0319813
900	0.0312804
901	0.0323953
902	0.0316752
903	0.0328405
904	0.0317152
905	0.032176
906	0.031794
907	0.0322976
908	0.0318678
909	0.0320975
910	0.031848
911	0.0320574
912	0.0321403
913	0.0319626
914	0.0317023
915	0.0321543
916	0.0320792
917	0.0314495
918	0.0327826
919	0.0317075
920	0.031595
921	0.0325295
922	0.0319152
923	0.0319071
924	0.0321769
925	0.0321976
926	0.0309896
927	0.0325194
928	0.0324627
929	0.0316759
930	0.0312932
931	0.0331316
932	0.031329
933	0.0325555
934	0.0317077
935	0.0321467
936	0.0318231
937	0.0312729
938	0.0330195
939	0.0312007
940	0.0324846
941	0.0321249
942	0.0319514
943	0.0320693
944	0.0316643
945	0.0323074
946	0.0319151
947	0.0319541
948	0.0319692
949	0.0320452
950	0.0322623
951	0.0310663
952	0.032436
953	0.0321629
954	0.0321049
955	0.0320889
956	0.0319418
957	0.0318888
958	0.0319282
959	0.0323448
960	0.0319574
961	0.0319445
962	0.0312916
963	0.0319535
964	0.0326406
965	0.0322441
966	0.0318269
967	0.0317535
968	0.032361
969	0.0316594
970	0.0324261
971	0.0318448
972	0.0313983
973	0.0326497
974	0.0316139
975	0.0317756
976	0.0322887
977	0.0319667
978	0.032383
979	0.0318239
980	0.0319704
981	0.0323313
982	0.0314671
983	0.0325528
984	0.0480821
985	0.0315549
986	0.0319669
987	0.032418
988	0.0309534
989	0.0325501
990	0.03226
991	0.0321633
992	0.0310363
993	0.0331369
994	0.0314783
995	0.0321199
996	0.0319205
997	0.0320014
998	0.0320054
999	0.0322144
