0	0.0166667
1	0.0208392
2	0.016347
3	0.0321658
4	0.0157129
5	0.0152307
6	0.0163856
7	0.0322328
8	0.0161523
9	0.015992
10	0.031559
11	0.0161539
12	0.0159888
13	0.0158228
14	0.0159566
15	0.0157735
16	0.0159818
17	0.0330856
18	0.0309225
19	0.0160323
20	0.0166179
21	0.0323984
22	0.0154483
23	0.0156328
24	0.0319098
25	0.0163818
26	0.0164882
27	0.0317595
28	0.0160836
29	0.0157332
30	0.0162114
31	0.0158723
32	0.0158297
33	0.015875
34	0.0159208
35	0.015935
36	0.0324317
37	0.0160145
38	0.0163393
39	0.0312862
40	0.0164202
41	0.0159491
42	0.0324481
43	0.0157899
44	0.0160638
45	0.0316393
46	0.0160121
47	0.0163405
48	0.0159441
49	0.0159818
50	0.0155871
51	0.0161751
52	0.0159346
53	0.0158893
54	0.0158591
55	0.0159213
56	0.0328932
57	0.0156289
58	0.0163048
59	0.0314235
60	0.0159129
61	0.0157016
62	0.0330561
63	0.0157312
64	0.0159053
65	0.0314859
66	0.0164352
67	0.0162514
68	0.0317853
69	0.0161196
70	0.0158569
71	0.0158952
72	0.0159464
73	0.0159235
74	0.0158343
75	0.0158692
76	0.0159273
77	0.0324774
78	0.0154852
79	0.0160205
80	0.032664
81	0.0482967
82	0.0320814
83	0.031138
84	0.0161714
85	0.0162654
86	0.0320326
87	0.015664
88	0.0164119
89	0.0157826
90	0.0159551
91	0.0157794
92	0.0160123
93	0.0160158
94	0.0158193
95	0.0323714
96	0.0163959
97	0.0151761
98	0.0320824
99	0.0161994
100	0.0165049
101	0.0321979
102	0.0154566
103	0.0163693
104	0.0319749
105	0.0157517
106	0.0154936
107	0.0325936
108	0.0159953
109	0.016014
110	0.0155467
111	0.0161054
112	0.0159109
113	0.0157496
114	0.0324726
115	0.0314651
116	0.0164874
117	0.0157082
118	0.0325176
119	0.0157308
120	0.0164958
121	0.0321924
122	0.0155368
123	0.0162365
124	0.0319792
125	0.0158986
126	0.0160994
127	0.015767
128	0.0160376
129	0.016042
130	0.0159205
131	0.0157926
132	0.0158759
133	0.0157687
134	0.0159245
135	0.031982
136	0.0170037
137	0.0155831
138	0.0315053
139	0.0168278
140	0.0159265
141	0.0322943
142	0.0157027
143	0.0160026
144	0.0321864
145	0.0158357
146	0.0159888
147	0.0317756
148	0.0161892
149	0.0158791
150	0.01572
151	0.015868
152	0.0159492
153	0.0328848
154	0.0150903
155	0.0168516
156	0.0311779
157	0.016617
158	0.015993
159	0.0322651
160	0.0157353
161	0.0160644
162	0.0322328
163	0.0153207
164	0.016525
165	0.031827
166	0.0159764
167	0.0160608
168	0.015236
169	0.0165332
170	0.0158868
171	0.0157995
172	0.0160352
173	0.0158278
174	0.015927
175	0.0326559
176	0.0313842
177	0.0165727
178	0.0160879
179	0.0323047
180	0.0156249
181	0.0161206
182	0.0321529
183	0.0155366
184	0.0165065
185	0.0317623
186	0.0160207
187	0.0159586
188	0.0158477
189	0.0159602
190	0.0158624
191	0.0159365
192	0.0158432
193	0.032831
194	0.015523
195	0.0157275
196	0.0318602
197	0.0160492
198	0.0166962
199	0.0321836
200	0.0156582
201	0.0161798
202	0.0311269
203	0.0165093
204	0.0163134
205	0.0318695
206	0.0160587
207	0.0159443
208	0.0158141
209	0.0159962
210	0.015877
211	0.0159526
212	0.0157327
213	0.0160386
214	0.0158726
215	0.0330252
216	0.0311567
217	0.0159352
218	0.0162215
219	0.0319013
220	0.0165526
221	0.0161093
222	0.0310939
223	0.0167448
224	0.0160919
225	0.0318494
226	0.0160434
227	0.016053
228	0.0316087
229	0.0160219
230	0.0157896
231	0.0158686
232	0.0323481
233	0.031519
234	0.0161015
235	0.0160883
236	0.0327877
237	0.0159095
238	0.0160462
239	0.0321463
240	0.0157411
241	0.0153041
242	0.033083
243	0.0156765
244	0.0158007
245	0.0161138
246	0.0159157
247	0.0160473
248	0.0155953
249	0.0160853
250	0.0158225
251	0.0160015
252	0.0158267
253	0.0329906
254	0.0157503
255	0.0152186
256	0.0165906
257	0.0156189
258	0.0167327
259	0.0321461
260	0.0156875
261	0.0161456
262	0.0313255
263	0.0165432
264	0.0162307
265	0.0317096
266	0.0160769
267	0.0159609
268	0.0157719
269	0.0158645
270	0.0159604
271	0.0158681
272	0.0157573
273	0.0321854
274	0.0158458
275	0.0169388
276	0.0312131
277	0.0167446
278	0.0155995
279	0.0325695
280	0.015626
281	0.016262
282	0.0313238
283	0.0165815
284	0.0160099
285	0.0317887
286	0.0161063
287	0.016006
288	0.0157148
289	0.0159529
290	0.015971
291	0.0157443
292	0.0157943
293	0.0160483
294	0.0160482
295	0.0327836
296	0.0321141
297	0.0159144
298	0.0158364
299	0.0161935
300	0.0322205
301	0.0149311
302	0.0159997
303	0.0329278
304	0.0159714
305	0.0159344
306	0.0317607
307	0.0160599
308	0.0159768
309	0.0157318
310	0.0158633
311	0.0159092
312	0.0159938
313	0.0328886
314	0.0319846
315	0.0153111
316	0.0157958
317	0.0329529
318	0.0156951
319	0.0160342
320	0.0322651
321	0.0156624
322	0.0157367
323	0.0323124
324	0.016026
325	0.015981
326	0.0317949
327	0.0160402
328	0.0157898
329	0.0159271
330	0.0156963
331	0.0160942
332	0.0318789
333	0.016164
334	0.0167444
335	0.0313196
336	0.0165556
337	0.015515
338	0.0326291
339	0.0158142
340	0.0161682
341	0.0315615
342	0.0163904
343	0.0159564
344	0.0311006
345	0.0168466
346	0.0158599
347	0.0153878
348	0.0164031
349	0.0159338
350	0.0157565
351	0.0158201
352	0.0160126
353	0.0327511
354	0.016235
355	0.0149902
356	0.0322793
357	0.01671
358	0.0158518
359	0.0319937
360	0.0158879
361	0.0163009
362	0.032046
363	0.0158096
364	0.0160143
365	0.0317857
366	0.0160108
367	0.0158623
368	0.0158166
369	0.0160297
370	0.0158082
371	0.0157476
372	0.0160699
373	0.0321846
374	0.0157623
375	0.0160989
376	0.0329528
377	0.0159247
378	0.0159186
379	0.0322773
380	0.0156501
381	0.0161122
382	0.0321114
383	0.0159119
384	0.0159618
385	0.0318196
386	0.0159825
387	0.0158014
388	0.0158417
389	0.015999
390	0.0158707
391	0.0157862
392	0.0328751
393	0.0321898
394	0.0151601
395	0.0159115
396	0.0330232
397	0.0157029
398	0.0158886
399	0.032332
400	0.0150026
401	0.0168671
402	0.0319955
403	0.0159629
404	0.0159621
405	0.0317078
406	0.0159751
407	0.01592
408	0.0158971
409	0.0157816
410	0.0160074
411	0.0324386
412	0.0161549
413	0.0155165
414	0.0321723
415	0.0156218
416	0.0166903
417	0.0323697
418	0.0156367
419	0.0161623
420	0.0319921
421	0.0159877
422	0.0159576
423	0.0318585
424	0.0161023
425	0.0157887
426	0.0158652
427	0.0159594
428	0.0159036
429	0.0157374
430	0.0160298
431	0.0158698
432	0.0321843
433	0.0167816
434	0.01508
435	0.0320192
436	0.016982
437	0.0158597
438	0.0322659
439	0.0155978
440	0.0153739
441	0.0330455
442	0.0157075
443	0.0160722
444	0.0317429
445	0.0160818
446	0.0159465
447	0.0156712
448	0.015949
449	0.0158654
450	0.0159862
451	0.032424
452	0.0313887
453	0.0169644
454	0.0154751
455	0.0327132
456	0.0156842
457	0.0161345
458	0.0321755
459	0.0150782
460	0.0168226
461	0.0311539
462	0.0167646
463	0.0158474
464	0.0159414
465	0.0158386
466	0.0160619
467	0.0155698
468	0.0160638
469	0.0159296
470	0.0159103
471	0.0325505
472	0.0313758
473	0.015995
474	0.0159296
475	0.0331761
476	0.0156707
477	0.0160191
478	0.0323318
479	0.0150899
480	0.0167586
481	0.0318977
482	0.0159662
483	0.0159139
484	0.0314652
485	0.0162641
486	0.0159105
487	0.0158002
488	0.0159758
489	0.0322423
490	0.0157643
491	0.0167388
492	0.0317067
493	0.0160836
494	0.0162439
495	0.0321556
496	0.0156405
497	0.0161469
498	0.0315081
499	0.0165536
500	0.0159056
501	0.0318141
502	0.0161482
503	0.0157548
504	0.0160348
505	0.0158513
506	0.0159369
507	0.0157227
508	0.0160379
509	0.0159545
510	0.0328261
511	0.015928
512	0.0152965
513	0.0323716
514	0.0157056
515	0.0167189
516	0.0321126
517	0.0156956
518	0.0163198
519	0.0319965
520	0.0151594
521	0.016641
522	0.0318311
523	0.0159442
524	0.0160231
525	0.0157098
526	0.0158545
527	0.0160625
528	0.0157455
529	0.0320974
530	0.0329092
531	0.0150278
532	0.0160237
533	0.0326711
534	0.0160498
535	0.0160271
536	0.0322349
537	0.0156064
538	0.0158019
539	0.0323763
540	0.0159719
541	0.0158871
542	0.0159649
543	0.016031
544	0.015633
545	0.016092
546	0.015874
547	0.0158169
548	0.0158415
549	0.0324476
550	0.0315903
551	0.0160858
552	0.016864
553	0.0316892
554	0.0161793
555	0.0160196
556	0.0322263
557	0.0156062
558	0.0159852
559	0.0321281
560	0.0159958
561	0.0159095
562	0.0152981
563	0.0167193
564	0.0157155
565	0.0155545
566	0.0162032
567	0.0159517
568	0.0159572
569	0.0158335
570	0.0330869
571	0.0158132
572	0.0151562
573	0.0162219
574	0.0162483
575	0.0165647
576	0.0320525
577	0.0156503
578	0.016151
579	0.0317769
580	0.0160292
581	0.0163449
582	0.031663
583	0.0160796
584	0.0158815
585	0.0155275
586	0.0162543
587	0.0159586
588	0.0156502
589	0.0159324
590	0.033059
591	0.0157191
592	0.0151858
593	0.0321212
594	0.0168464
595	0.015892
596	0.0322759
597	0.0157004
598	0.016183
599	0.031776
600	0.0161114
601	0.0159581
602	0.0318986
603	0.0160674
604	0.0158232
605	0.0156292
606	0.0161485
607	0.0159139
608	0.0157569
609	0.0158744
610	0.0330767
611	0.015725
612	0.0162025
613	0.0313523
614	0.016131
615	0.0165234
616	0.032108
617	0.0156695
618	0.0161786
619	0.0319322
620	0.0159396
621	0.0161468
622	0.0317949
623	0.0158818
624	0.0161381
625	0.0158683
626	0.0156413
627	0.0162233
628	0.0156922
629	0.015792
630	0.0159585
631	0.032082
632	0.0159414
633	0.0161664
634	0.0325462
635	0.0161958
636	0.0160506
637	0.0321612
638	0.0157689
639	0.0153409
640	0.0327743
641	0.0159062
642	0.0159785
643	0.0317774
644	0.0160608
645	0.0158684
646	0.0158632
647	0.0159017
648	0.0158514
649	0.0159889
650	0.0323772
651	0.0315066
652	0.0162595
653	0.0160472
654	0.0327785
655	0.0156885
656	0.0160479
657	0.0322705
658	0.014874
659	0.0170852
660	0.0317497
661	0.016026
662	0.0159484
663	0.0151888
664	0.016615
665	0.0159791
666	0.0158056
667	0.0158662
668	0.0160937
669	0.0158124
670	0.0326658
671	0.0312069
672	0.0163749
673	0.0157141
674	0.0329567
675	0.0158026
676	0.0159454
677	0.0322031
678	0.0154033
679	0.0165201
680	0.0319123
681	0.0159866
682	0.0159029
683	0.0158474
684	0.0160707
685	0.0158415
686	0.0157915
687	0.0157261
688	0.016139
689	0.0322351
690	0.0162997
691	0.0159521
692	0.0313452
693	0.0167923
694	0.0159824
695	0.0323207
696	0.0155198
697	0.0162585
698	0.0317057
699	0.016196
700	0.0161205
701	0.0317816
702	0.0160754
703	0.0160141
704	0.0152247
705	0.0165249
706	0.0159271
707	0.0155089
708	0.0160222
709	0.0328492
710	0.0155336
711	0.016518
712	0.0312391
713	0.0168556
714	0.0158771
715	0.0322512
716	0.0156656
717	0.0161542
718	0.0317145
719	0.0162595
720	0.0159507
721	0.0318514
722	0.0161034
723	0.015761
724	0.0160884
725	0.0159016
726	0.0158075
727	0.0156453
728	0.0160216
729	0.0160564
730	0.0159297
731	0.0319454
732	0.0321677
733	0.0167402
734	0.0158891
735	0.0323985
736	0.0155959
737	0.0161795
738	0.0318007
739	0.0161499
740	0.0159826
741	0.0319112
742	0.0159657
743	0.0158659
744	0.0159949
745	0.0159437
746	0.0158459
747	0.0157907
748	0.0158853
749	0.0330323
750	0.015665
751	0.0152592
752	0.032679
753	0.0160827
754	0.0161075
755	0.0322094
756	0.0156595
757	0.0161974
758	0.0318517
759	0.0160298
760	0.0159879
761	0.0318807
762	0.0160755
763	0.0158459
764	0.015381
765	0.0164384
766	0.0159483
767	0.0158637
768	0.0157989
769	0.0329708
770	0.0156619
771	0.0153002
772	0.0164599
773	0.0161101
774	0.0162567
775	0.0322812
776	0.0157036
777	0.015954
778	0.0323415
779	0.0156684
780	0.0161031
781	0.03193
782	0.0160019
783	0.0159497
784	0.0158904
785	0.0158442
786	0.0159806
787	0.0159199
788	0.0156888
789	0.0160998
790	0.0323835
791	0.0162418
792	0.0151608
793	0.032643
794	0.0161719
795	0.0160942
796	0.0322551
797	0.0155414
798	0.0162164
799	0.0321243
800	0.0157818
801	0.0160662
802	0.0317886
803	0.0161664
804	0.0158073
805	0.0156462
806	0.0161574
807	0.0159888
808	0.0155799
809	0.0160812
810	0.0158613
811	0.0330771
812	0.0158297
813	0.0151446
814	0.016289
815	0.0166915
816	0.0157972
817	0.0323366
818	0.0156765
819	0.0160681
820	0.0322034
821	0.0157386
822	0.0160821
823	0.0318725
824	0.0160403
825	0.0157747
826	0.015437
827	0.0164074
828	0.0159328
829	0.0158435
830	0.0328837
831	0.032003
832	0.0157802
833	0.0152202
834	0.0323384
835	0.0165193
836	0.015892
837	0.0322492
838	0.0156609
839	0.0156586
840	0.0325513
841	0.015928
842	0.0159734
843	0.0318244
844	0.0159665
845	0.0159016
846	0.0157491
847	0.0159787
848	0.0161217
849	0.0156175
850	0.0326886
851	0.0313359
852	0.0159255
853	0.0165217
854	0.0325829
855	0.0157701
856	0.0159939
857	0.0322549
858	0.0153645
859	0.016531
860	0.0318114
861	0.016005
862	0.0160867
863	0.0317358
864	0.0158697
865	0.0159315
866	0.0157953
867	0.015818
868	0.0159673
869	0.0321788
870	0.0167656
871	0.0150706
872	0.0321266
873	0.0168836
874	0.0157625
875	0.0323299
876	0.0156995
877	0.0161145
878	0.0321715
879	0.0157546
880	0.0160187
881	0.0318645
882	0.0158962
883	0.0159255
884	0.015692
885	0.0161175
886	0.0158288
887	0.0157845
888	0.0325605
889	0.0314172
890	0.0160464
891	0.0161703
892	0.0322696
893	0.0164513
894	0.0159285
895	0.0322871
896	0.0157407
897	0.0158395
898	0.0323137
899	0.0158208
900	0.0159715
901	0.0317704
902	0.016124
903	0.0159034
904	0.0158156
905	0.015538
906	0.0161577
907	0.0322876
908	0.0159604
909	0.0165571
910	0.0317857
911	0.0155589
912	0.0167252
913	0.0321566
914	0.0156096
915	0.0162062
916	0.0318125
917	0.0161194
918	0.0159771
919	0.0318856
920	0.0159941
921	0.0159729
922	0.0158993
923	0.0159049
924	0.0158694
925	0.0157619
926	0.0159989
927	0.0325014
928	0.0161345
929	0.016175
930	0.0311587
931	0.0165938
932	0.0156223
933	0.0327354
934	0.0157803
935	0.0160799
936	0.0319433
937	0.0159853
938	0.015818
939	0.0320202
940	0.0161075
941	0.0158782
942	0.0160013
943	0.0157862
944	0.0159323
945	0.0156934
946	0.015983
947	0.0329415
948	0.0154262
949	0.0165855
950	0.0312253
951	0.0158732
952	0.0163118
953	0.0326055
954	0.0158041
955	0.0160527
956	0.0318956
957	0.0160373
958	0.0159785
959	0.0318707
960	0.0161101
961	0.0158596
962	0.0154039
963	0.0164833
964	0.0158366
965	0.0157575
966	0.015978
967	0.0329614
968	0.0154231
969	0.0156782
970	0.0321818
971	0.0165886
972	0.015794
973	0.0323061
974	0.0156659
975	0.0161277
976	0.0311038
977	0.0160102
978	0.0171461
979	0.0315528
980	0.0161702
981	0.0157533
982	0.0157415
983	0.0158011
984	0.0161249
985	0.0159531
986	0.0328712
987	0.0315502
988	0.0162044
989	0.0150965
990	0.0330152
991	0.0157354
992	0.0162959
993	0.0317576
994	0.016149
995	0.0154638
996	0.0326008
997	0.0159422
998	0.0159078
999	0.0160517
