0	0.0166667
1	0.0118489
2	0.0159051
3	0.0165502
4	0.0155347
5	0.0158502
6	0.0161608
7	0.016514
8	0.0156867
9	0.0164067
10	0.0160213
11	0.0153393
12	0.0164747
13	0.0152002
14	0.0169613
15	0.0160177
16	0.0159914
17	0.0160149
18	0.0159138
19	0.0153208
20	0.0165715
21	0.0154255
22	0.0163707
23	0.0158917
24	0.0159402
25	0.0155409
26	0.0162494
27	0.015915
28	0.0159437
29	0.0158984
30	0.0322421
31	0.0160382
32	0.0166658
33	0.016066
34	0.0150545
35	0.0166308
36	0.0163155
37	0.0161392
38	0.0160001
39	0.015908
40	0.0159927
41	0.0155484
42	0.0163731
43	0.0160031
44	0.0157539
45	0.0159621
46	0.0159764
47	0.0157629
48	0.0156335
49	0.0159361
50	0.0160009
51	0.03225
52	0.0159591
53	0.0159911
54	0.0158419
55	0.016989
56	0.0151125
57	0.016757
58	0.0162479
59	0.0158589
60	0.0156853
61	0.0164614
62	0.0153628
63	0.0164415
64	0.0160714
65	0.0159613
66	0.0151779
67	0.0165626
68	0.0154273
69	0.0158677
70	0.0159579
71	0.0160106
72	0.0160766
73	0.0163806
74	0.0157253
75	0.0159395
76	0.0319371
77	0.0163456
78	0.0157774
79	0.0163704
80	0.0155467
81	0.0159465
82	0.0164518
83	0.0160833
84	0.0161856
85	0.0164417
86	0.0154136
87	0.0164094
88	0.0155986
89	0.0164587
90	0.0155732
91	0.0161891
92	0.015268
93	0.0164245
94	0.0161382
95	0.0156177
96	0.0159216
97	0.0161272
98	0.0157591
99	0.0159671
100	0.0320132
101	0.0159439
102	0.0169959
103	0.0155675
104	0.0164518
105	0.0161175
106	0.016038
107	0.015309
108	0.0163556
109	0.0162095
110	0.0153036
111	0.0166508
112	0.0158186
113	0.0152719
114	0.0164731
115	0.0163214
116	0.015704
117	0.015933
118	0.0154974
119	0.0162758
120	0.015809
121	0.0162847
122	0.0157013
123	0.0158799
124	0.0322895
125	0.0159068
126	0.0163174
127	0.0155942
128	0.0162865
129	0.0158562
130	0.0169358
131	0.0152884
132	0.0163871
133	0.0163093
134	0.015975
135	0.0158856
136	0.0161292
137	0.0149263
138	0.016745
139	0.0155107
140	0.016393
141	0.0158143
142	0.016036
143	0.0159761
144	0.0154938
145	0.0482166
146	0.0164868
147	0.016303
148	0.0159593
149	0.0152153
150	0.0162816
151	0.0159799
152	0.0162751
153	0.016171
154	0.0154227
155	0.0159086
156	0.0159374
157	0.0164383
158	0.0154993
159	0.0162928
160	0.0158452
161	0.0160057
162	0.0158095
163	0.0159847
164	0.0319975
165	0.0164018
166	0.0162932
167	0.0162258
168	0.0152195
169	0.0166433
170	0.0161472
171	0.0160112
172	0.0154549
173	0.0158564
174	0.015881
175	0.0167417
176	0.0157917
177	0.0160386
178	0.015563
179	0.0163642
180	0.0160641
181	0.0156505
182	0.0160723
183	0.0157419
184	0.0161611
185	0.0158157
186	0.0159121
187	0.0160086
188	0.0158669
189	0.0321698
190	0.0169021
191	0.0149908
192	0.0161804
193	0.0160472
194	0.0157556
195	0.0159772
196	0.0166544
197	0.0153154
198	0.064728
199	0.0156073
200	0.0164786
201	0.0157132
202	0.0161204
203	0.0159422
204	0.0158414
205	0.0157358
206	0.0168364
207	0.0158356
208	0.0151599
209	0.0159847
210	0.0170248
211	0.0159912
212	0.0159957
213	0.015877
214	0.0151911
215	0.0163277
216	0.0156
217	0.0165241
218	0.0155239
219	0.0161591
220	0.0161427
221	0.0162714
222	0.0156728
223	0.0162773
224	0.0317916
225	0.0156296
226	0.0321531
227	0.016405
228	0.047874
229	0.0162806
230	0.0153055
231	0.0480927
232	0.0161013
233	0.0158923
234	0.0169133
235	0.0151896
236	0.0168209
237	0.0150967
238	0.0158853
239	0.0168381
240	0.01612
241	0.0150788
242	0.0168953
243	0.0154559
244	0.0164836
245	0.0161632
246	0.0154087
247	0.0165939
248	0.0158625
249	0.0161344
250	0.0153066
251	0.0166923
252	0.0160144
253	0.0159625
254	0.0150604
255	0.0169688
256	0.0156186
257	0.0153807
258	0.01698
259	0.0160217
260	0.0159389
261	0.0150244
262	0.0170045
263	0.0154058
264	0.0162611
265	0.015965
266	0.0157655
267	0.0158456
268	0.0161062
269	0.0165123
270	0.0152095
271	0.0169352
272	0.0160176
273	0.015376
274	0.0160707
275	0.0163862
276	0.0161782
277	0.0149882
278	0.016085
279	0.0169239
280	0.0159889
281	0.0150303
282	0.016945
283	0.0150379
284	0.0169654
285	0.0156715
286	0.0154437
287	0.0159978
288	0.0159817
289	0.0159774
290	0.0169631
291	0.0159633
292	0.0160632
293	0.0159792
294	0.0157175
295	0.0153678
296	0.0169202
297	0.0151293
298	0.0168946
299	0.0155437
300	0.0153838
301	0.0160268
302	0.0167684
303	0.0157714
304	0.016012
305	0.0159116
306	0.0164608
307	0.0150849
308	0.0160747
309	0.0159077
310	0.0167417
311	0.015365
312	0.0163803
313	0.0157042
314	0.0159236
315	0.0165909
316	0.0159498
317	0.0160987
318	0.0159378
319	0.0161302
320	0.0161757
321	0.0159973
322	0.0154084
323	0.0165613
324	0.0160791
325	0.0149939
326	0.0169932
327	0.0160071
328	0.0157213
329	0.0162673
330	0.0160093
331	0.015998
332	0.0150666
333	0.016634
334	0.016296
335	0.0151673
336	0.016022
337	0.0162699
338	0.0165303
339	0.015057
340	0.0162139
341	0.0167069
342	0.0160017
343	0.0153702
344	0.0164938
345	0.0153291
346	0.0159583
347	0.0160324
348	0.0165133
349	0.016331
350	0.0160019
351	0.0160005
352	0.0159846
353	0.0156884
354	0.0153675
355	0.016006
356	0.0159311
357	0.0161547
358	0.0168191
359	0.0158182
360	0.0155596
361	0.0162897
362	0.0163632
363	0.0160125
364	0.0160085
365	0.0151609
366	0.016455
367	0.0163823
368	0.0153334
369	0.0164853
370	0.0161809
371	0.0159885
372	0.0160184
373	0.01599
374	0.0160781
375	0.0158511
376	0.0161573
377	0.0160245
378	0.0151458
379	0.016215
380	0.0164419
381	0.0155332
382	0.0155369
383	0.0170325
384	0.015903
385	0.0153495
386	0.0167442
387	0.0154366
388	0.0166714
389	0.0150322
390	0.0161264
391	0.0157306
392	0.0162818
393	0.0160414
394	0.0166584
395	0.0159995
396	0.0157556
397	0.0162551
398	0.0156285
399	0.0163945
400	0.0159888
401	0.0159845
402	0.0159957
403	0.0152478
404	0.0159015
405	0.0168698
406	0.0159791
407	0.0152691
408	0.0159258
409	0.016748
410	0.0153566
411	0.0163603
412	0.0154143
413	0.01695
414	0.0159181
415	0.0160575
416	0.0160062
417	0.015921
418	0.0154436
419	0.0165096
420	0.0161433
421	0.0159812
422	0.0159897
423	0.0160126
424	0.0160022
425	0.0158443
426	0.0161008
427	0.0160449
428	0.0158415
429	0.0161446
430	0.0155843
431	0.015495
432	0.0159741
433	0.0166845
434	0.0158978
435	0.0159849
436	0.0160042
437	0.0156164
438	0.0167927
439	0.0159974
440	0.0155022
441	0.0161893
442	0.0156961
443	0.0158969
444	0.0164962
445	0.0161913
446	0.0161739
447	0.0157211
448	0.0152511
449	0.0169853
450	0.0159427
451	0.0154817
452	0.0166494
453	0.0159806
454	0.0148713
455	0.0161474
456	0.0168755
457	0.0160514
458	0.0158467
459	0.0150509
460	0.0159947
461	0.0321745
462	0.0168034
463	0.0157521
464	0.0162792
465	0.0151327
466	0.0163851
467	0.0162425
468	0.016039
469	0.0152393
470	0.0159687
471	0.01607
472	0.0160546
473	0.0168436
474	0.0154675
475	0.015713
476	0.0161123
477	0.0167222
478	0.015979
479	0.015334
480	0.01597
481	0.0157819
482	0.0169264
483	0.0152121
484	0.016694
485	0.0151181
486	0.0169445
487	0.0160312
488	0.0160433
489	0.0159076
490	0.0160471
491	0.0154792
492	0.0158775
493	0.016462
494	0.0158788
495	0.015939
496	0.0163734
497	0.0152919
498	0.0156763
499	0.0161954
500	0.0167866
501	0.0160667
502	0.0156444
503	0.0163332
504	0.0160058
505	0.0159873
506	0.0150945
507	0.0168948
508	0.0153325
509	0.0159355
510	0.016764
511	0.0155041
512	0.0163074
513	0.0161938
514	0.0153051
515	0.0166511
516	0.015258
517	0.0160969
518	0.01651
519	0.0156259
520	0.0161908
521	0.0163343
522	0.0152562
523	0.0168435
524	0.0159376
525	0.0159718
526	0.0160311
527	0.0159759
528	0.0159128
529	0.0160835
530	0.0151659
531	0.0161547
532	0.0160709
533	0.0164956
534	0.0152405
535	0.0168916
536	0.0152352
537	0.0159291
538	0.0168327
539	0.0155933
540	0.016389
541	0.0160083
542	0.0159575
543	0.0160503
544	0.0159983
545	0.0160486
546	0.0160434
547	0.0158802
548	0.0160304
549	0.0149515
550	0.0170493
551	0.0151103
552	0.016717
553	0.015207
554	0.0169166
555	0.0152325
556	0.0159403
557	0.0165667
558	0.0162087
559	0.0157085
560	0.0163825
561	0.0161168
562	0.0160724
563	0.0151956
564	0.0157053
565	0.0165874
566	0.0159082
567	0.0161478
568	0.016215
569	0.0161088
570	0.0159385
571	0.0161058
572	0.0159774
573	0.0160531
574	0.0157208
575	0.016291
576	0.0159921
577	0.015956
578	0.0150689
579	0.0160302
580	0.0160989
581	0.0168566
582	0.0153574
583	0.0164953
584	0.0158492
585	0.0161604
586	0.015743
587	0.0162764
588	0.0153699
589	0.0167722
590	0.0150911
591	0.0168655
592	0.015296
593	0.0165416
594	0.0158881
595	0.0163338
596	0.0151464
597	0.0162781
598	0.0164933
599	0.016019
600	0.0160079
601	0.0158771
602	0.0161095
603	0.0159981
604	0.0148984
605	0.0159912
606	0.0161627
607	0.0169977
608	0.0149469
609	0.0169053
610	0.0160324
611	0.0158473
612	0.0162385
613	0.0159251
614	0.0152233
615	0.0168561
616	0.0159515
617	0.015423
618	0.0164658
619	0.015856
620	0.0162423
621	0.0157608
622	0.0162839
623	0.0153231
624	0.016698
625	0.0159542
626	0.0159541
627	0.0160021
628	0.0159162
629	0.0149963
630	0.016194
631	0.0158674
632	0.0169899
633	0.0153654
634	0.0164942
635	0.0156013
636	0.0166478
637	0.0153887
638	0.0165882
639	0.0148864
640	0.0171191
641	0.0152723
642	0.016076
643	0.0164821
644	0.0162229
645	0.0150217
646	0.016964
647	0.015909
648	0.0158301
649	0.0162087
650	0.0159817
651	0.0160387
652	0.0159693
653	0.0159933
654	0.0156639
655	0.016402
656	0.0148501
657	0.0160383
658	0.017112
659	0.0160064
660	0.0158466
661	0.0161448
662	0.0152754
663	0.0167278
664	0.0151167
665	0.0157303
666	0.01715
667	0.0153645
668	0.0164674
669	0.0157242
670	0.0163782
671	0.0159969
672	0.0151095
673	0.0163048
674	0.016588
675	0.0160503
676	0.0148355
677	0.0164274
678	0.0161865
679	0.015502
680	0.0162847
681	0.0167903
682	0.0159337
683	0.0159201
684	0.0161091
685	0.0160199
686	0.0160035
687	0.0157101
688	0.0162511
689	0.015203
690	0.0168918
691	0.0158466
692	0.0154421
693	0.0164543
694	0.0161067
695	0.0153508
696	0.0167365
697	0.0160236
698	0.0159631
699	0.0156531
700	0.0163257
701	0.0156103
702	0.0164005
703	0.0155315
704	0.0153855
705	0.0166562
706	0.016446
707	0.0159913
708	0.0160274
709	0.0153956
710	0.0163836
711	0.015197
712	0.0159203
713	0.017063
714	0.0158779
715	0.0150175
716	0.0171782
717	0.0152775
718	0.0164857
719	0.0151365
720	0.0170565
721	0.0148737
722	0.017052
723	0.016098
724	0.0159355
725	0.0159533
726	0.0160458
727	0.0159809
728	0.0160248
729	0.0150942
730	0.0157893
731	0.0171488
732	0.0160445
733	0.0157658
734	0.0161751
735	0.0149127
736	0.0168128
737	0.0155319
738	0.0167618
739	0.0155008
740	0.0153614
741	0.0171835
742	0.0152267
743	0.016539
744	0.0161479
745	0.0160325
746	0.0158878
747	0.0160607
748	0.015508
749	0.0163276
750	0.0162043
751	0.0150903
752	0.0168217
753	0.0160226
754	0.0160645
755	0.0148616
756	0.0165185
757	0.0166461
758	0.0150781
759	0.016861
760	0.0160621
761	0.0153025
762	0.0159801
763	0.0166216
764	0.0151091
765	0.0169816
766	0.0159288
767	0.0153928
768	0.0163717
769	0.0162954
770	0.0159626
771	0.016026
772	0.0155739
773	0.0163986
774	0.0159971
775	0.0150392
776	0.0169754
777	0.0148959
778	0.0170858
779	0.0160533
780	0.015989
781	0.015198
782	0.0161388
783	0.0167006
784	0.0159369
785	0.0157036
786	0.0158883
787	0.0157984
788	0.016567
789	0.0150639
790	0.0169677
791	0.0158955
792	0.0161568
793	0.0158078
794	0.0161352
795	0.0161531
796	0.0149747
797	0.016905
798	0.0157465
799	0.01628
800	0.0159953
801	0.0159569
802	0.0159476
803	0.0160155
804	0.0153209
805	0.0164722
806	0.0162495
807	0.0160519
808	0.015831
809	0.015136
810	0.0170047
811	0.0159759
812	0.0153105
813	0.016706
814	0.0156045
815	0.0156687
816	0.0162957
817	0.0158282
818	0.0163318
819	0.0163145
820	0.0159493
821	0.0160425
822	0.0159935
823	0.0159652
824	0.0151434
825	0.0168962
826	0.0159968
827	0.0160636
828	0.0158311
829	0.0149259
830	0.0170647
831	0.0156756
832	0.0155869
833	0.0159454
834	0.0158272
835	0.0170592
836	0.0150825
837	0.0167742
838	0.0150797
839	0.015917
840	0.0160526
841	0.0170798
842	0.0158649
843	0.0160004
844	0.0161663
845	0.0155381
846	0.0164928
847	0.0159457
848	0.0160241
849	0.0158732
850	0.0160707
851	0.0160517
852	0.0160061
853	0.0160039
854	0.0151179
855	0.0157911
856	0.0169435
857	0.0152774
858	0.0167908
859	0.01603
860	0.015527
861	0.0165033
862	0.0150063
863	0.016982
864	0.015814
865	0.0151223
866	0.0169918
867	0.0154733
868	0.0162969
869	0.0163187
870	0.0157821
871	0.0162287
872	0.0160166
873	0.0160067
874	0.0158052
875	0.016107
876	0.0151988
877	0.0168316
878	0.0159739
879	0.016024
880	0.0149421
881	0.0162082
882	0.0168883
883	0.015926
884	0.0152012
885	0.0168688
886	0.0156997
887	0.0156681
888	0.0165919
889	0.0154548
890	0.0155582
891	0.0170462
892	0.0151279
893	0.0165537
894	0.0159269
895	0.0163751
896	0.0154189
897	0.0165663
898	0.0160106
899	0.0159848
900	0.0159891
901	0.0150294
902	0.0159447
903	0.0170219
904	0.0160349
905	0.0154764
906	0.0156823
907	0.0166594
908	0.0155136
909	0.016166
910	0.0164616
911	0.0151863
912	0.015882
913	0.0168858
914	0.0149966
915	0.0167329
916	0.0163159
917	0.0154041
918	0.0164123
919	0.0161082
920	0.0161157
921	0.0153211
922	0.0166293
923	0.0155992
924	0.0163886
925	0.0156756
926	0.016359
927	0.015622
928	0.0153693
929	0.016213
930	0.0321669
931	0.0325391
932	0.0160884
933	0.0148877
934	0.0171172
935	0.0150421
936	0.0169712
937	0.0159182
938	0.0159564
939	0.0161003
940	0.0153653
941	0.0165104
942	0.0160248
943	0.0161284
944	0.0160659
945	0.0158914
946	0.0159208
947	0.0160998
948	0.0154177
949	0.0166007
950	0.0159302
951	0.015761
952	0.0151674
953	0.017186
954	0.0151287
955	0.0158012
956	0.0162402
957	0.0636246
958	0.0325911
959	0.0158412
960	0.0319774
961	0.0164537
962	0.0153639
963	0.0158694
964	0.0169575
965	0.01533
966	0.0166185
967	0.0149998
968	0.0171237
969	0.0160144
970	0.0159848
971	0.0148454
972	0.0170174
973	0.0161513
974	0.0160639
975	0.015792
976	0.0157127
977	0.0164642
978	0.0158085
979	0.0161655
980	0.0159631
981	0.0160652
982	0.0149507
983	0.0169645
984	0.0152467
985	0.0161133
986	0.0165264
987	0.0161587
988	0.0150664
989	0.0170185
990	0.0150936
991	0.0167735
992	0.0160388
993	0.0149965
994	0.0162543
995	0.015624
996	0.015981
997	0.0164844
998	0.015507
999	0.0160853
